Vessel Name: KH2404_A2H_F8_C6_GrowthRate
Date Time	Elapsed	1806_F8 (5) 5K / well (B2)	1806_F8 (5) 5K / well (B3)	1806_F8 (5) 5K / well (B4)	1806_F8 (5) 5K / well (B5)	1806_F8 (5) 5K / well (B6)	1806_F8 (5) 5K / well (B7)	1806_F8 (5) 5K / well (B8)	1806_F8 (5) 5K / well (B9)	1806_F8 (5) 5K / well (B10)	1806_F8 (5) 5K / well (B11)	1806_F8 (5) 5K / well (C2)	1806_F8 (5) 5K / well (C3)	1806_F8 (5) 5K / well (C4)	1806_F8 (5) 5K / well (C5)	1806_F8 (5) 5K / well (C6)	1806_F8 (5) 5K / well (C7)	1806_F8 (5) 5K / well (C8)	1806_F8 (5) 5K / well (C9)	1806_F8 (5) 5K / well (C10)	1806_F8 (5) 5K / well (C11)	1806_F8 (5) 5K / well (D2)	1806_F8 (5) 5K / well (D3)	1806_F8 (5) 5K / well (D4)	1806_F8 (5) 5K / well (D5)	1806_F8 (5) 5K / well (D6)	1806_F8 (5) 5K / well (D7)	1806_F8 (5) 5K / well (D8)	1806_F8 (5) 5K / well (D9)	1806_F8 (5) 5K / well (D10)	1806_F8 (5) 5K / well (D11)
12/3/2024 6:43:00 PM	0	29.74461	31.02559	37.06773	42.72764	44.65363	49.34602	27.22653	17.00654	24.16461	23.66933	26.85107	32.6708	66.81852	36.07307	35.71413	28.41872	19.82892	35.5009	25.03097	30.98954	19.02012	25.24739	28.03674	29.21349	31.52868	37.62238	27.49674	33.14476	33.54239	31.61904
12/3/2024 10:43:00 PM	4	32.26421	34.99366	37.08842	44.29885	44.59061	49.01816	27.49989	18.83468	24.66695	24.85685	28.04019	32.17741	70.12818	35.41015	37.60228	30.33085	20.7734	33.13382	25.27984	32.73763	21.03419	26.68134	30.77455	30.59863	33.51577	39.4212	28.13643	31.8207	34.22862	33.87563
12/4/2024 2:43:00 AM	8	34.21402	35.07971	38.08266	43.50757	51.18584	50.4904	30.09688	19.03241	27.10312	26.51324	29.24792	33.90307	69.32894	36.52846	38.53926	31.46861	22.61056	37.96596	26.48671	33.91133	21.56262	28.46372	30.66598	32.57792	35.3178	39.37623	29.85032	32.67704	35.07486	35.20983
12/4/2024 6:43:00 AM	12	35.44064	37.57445	41.66808	48.97493	50.83159	54.92005	29.06883	19.80384	29.77616	27.96695	30.82484	35.78666	67.30464	39.26029	42.46394	33.64897	24.05224	33.86688	28.9664	36.29626	22.95135	29.351	31.11899	34.27612	37.14813	42.36699	30.93265	37.18827	38.90487	37.56557
12/4/2024 10:43:00 AM	16	37.90725	40.41414	44.7622	52.63356	50.09562	58.03798	32.8108	22.00308	29.82418	30.5163	32.72578	38.14383	74.21616	41.6858	44.27973	36.26365	26.16093	37.73181	30.44973	39.89307	24.96976	32.67595	34.92288	36.53888	40.49284	47.33261	33.16592	36.0504	41.34996	39.94086
12/4/2024 2:43:00 PM	20	39.79408	43.47705	48.75336	53.80993	52.86166	54.52787	36.50126	22.45575	33.25962	32.3585	34.89044	43.61097	76.72489	43.90107	48.32861	38.65511	27.0788	42.16941	31.90903	42.248	27.51328	35.55274	36.20599	39.59713	43.14468	48.8363	34.9473	40.26361	42.08773	43.30695
12/4/2024 6:43:00 PM	24	42.49922	46.54966	49.44024	57.54023	56.42758	60.84658	36.25069	24.27601	34.49161	34.92202	38.267	44.08739	76.8176	47.00014	50.75602	41.46294	30.06249	42.57588	34.45849	44.45763	27.99675	39.18025	37.49336	41.64563	45.88248	52.10711	37.5446	41.79671	44.1591	45.24159
12/4/2024 10:43:00 PM	28	47.45716	49.08342	54.07375	61.07055	61.16719	64.43591	38.77709	25.65323	37.38774	37.84644	40.84927	47.61971	78.89948	49.53461	54.56546	44.96127	29.99663	43.81111	36.95556	47.73466	30.72396	41.42649	40.45562	44.02709	50.2494	58.1838	39.73253	44.86638	47.27471	48.45108
12/5/2024 2:43:00 AM	32	49.87635	53.11962	56.85455	63.32685	62.3027	61.86911	37.92834	28.41397	40.16433	39.90031	44.03053	51.64247	77.90948	52.98547	59.82745	46.57513	31.91664	45.62216	39.04726	50.68855	33.04849	43.49751	45.15775	47.94607	52.90147	59.89215	41.30455	47.01145	52.55447	51.75683
12/5/2024 6:43:00 AM	36	53.06427	56.46117	60.88428	69.23055	66.85647	67.34961	38.38053	30.4149	42.96627	43.94214	47.20168	55.1949	80.95663	58.34409	64.1297	50.59287	34.42125	46.05021	42.82467	55.65697	35.49702	48.03143	46.13118	51.72676	56.64099	64.28122	44.70395	51.09034	55.2194	56.35125
12/5/2024 10:43:00 AM	40	58.64706	61.71277	65.09202	72.16508	70.85638	67.99365	36.12368	31.83619	47.58428	47.15583	49.90481	58.1169	85.56288	62.07338	68.5745	54.9973	37.34428	48.05698	45.83043	59.39717	37.88808	50.59586	49.94666	55.20688	60.64785	70.47015	49.17093	53.63274	59.65694	62.0407
12/5/2024 2:43:00 PM	44	62.02729	66.73601	69.48541	76.78442	76.94825	74.33535	43.82892	33.45866	50.36964	50.37154	54.22437	62.75883	86.90093	65.44412	74.02845	59.87347	39.01834	50.84165	49.10363	64.76936	40.93727	54.44167	53.30706	60.51311	65.29581	75.04314	52.04449	59.83531	64.54414	67.42667
12/5/2024 6:43:00 PM	48	67.16254	71.9919	76.05417	82.14558	80.47318	76.23041	42.36498	35.57481	54.77745	55.76398	58.34885	67.71137	90.11566	71.34093	78.86736	65.52075	42.95344	57.10765	54.23023	70.01537	43.72132	58.64069	57.25091	63.89361	69.95771	80.4357	56.37043	63.00536	70.50122	72.67293
12/5/2024 10:43:00 PM	52	72.39309	77.68324	79.28535	86.06057	84.57088	80.34148	47.87892	38.41322	60.21452	60.20909	62.94724	71.82794	91.28596	75.84718	83.50467	70.69112	46.01059	59.5052	58.22214	76.19125	47.15267	62.08348	60.33613	68.86578	74.53828	85.8038	60.90955	69.93091	77.6806	78.77149
12/6/2024 2:43:00 AM	56	78.76209	83.1093	85.57346	90.14443	88.63308	83.92181	43.40777	41.95393	65.34591	64.60844	68.47617	77.25568	91.24551	81.1389	88.18349	76.51613	49.69749	64.5043	64.7723	81.97646	51.09312	66.85642	64.77714	74.27077	79.44971	90.57472	65.84011	73.49812	83.56164	84.71107
12/6/2024 6:43:00 AM	60	83.6244	88.04325	89.42684	93.93481	92.45768	88.95116	51.29829	46.8562	70.79452	70.57402	73.36667	81.43077	93.18507	85.97382	92.02095	82.63795	53.65136	67.23587	70.93156	88.03959	55.35373	70.575	68.61686	79.29842	84.06215	94.31628	72.32797	80.72491	89.56815	89.86609
12/6/2024 10:43:00 AM	64	88.40646	92.61777	93.16076	96.24526	95.75773	92.01372	50.13226	50.60213	77.15443	75.81422	78.65874	86.42321	95.85035	89.79002	95.35157	87.24603	59.69222	74.12556	76.58212	93.46272	59.35764	75.82806	74.64968	83.39632	89.07186	97.3162	76.87012	84.10293	93.91083	93.78417
12/6/2024 2:43:00 PM	68	90.05206	94.04599	94.47261	97.40327	96.43559	94.02192	57.04364	52.1472	78.12495	77.03423	80.2602	87.37919	94.93253	90.30702	96.70269	88.79733	59.04967	76.0119	78.25659	95.32394	61.24825	76.04282	76.43343	84.0057	90.82804	98.62124	78.86346	85.58932	95.72166	95.24822
12/6/2024 6:43:00 PM	72	91.52686	95.75787	96.05986	98.02339	97.52967	94.07841	56.0741	54.901	80.39451	79.33798	82.78272	89.29017	95.01022	91.79675	97.68055	90.33578	61.37433	74.47598	80.87123	96.79388	62.94618	79.39051	76.5784	84.9372	91.96655	99.20774	80.19998	87.31226	96.60375	96.40482
12/6/2024 10:43:00 PM	76	94.03258	97.51258	98.09584	98.94878	98.62891	96.69704	56.71106	58.75799	84.29695	83.60496	86.56333	92.29078	97.28825	94.15121	98.85751	93.49237	65.65804	78.51674	84.38657	98.58389	67.30345	82.09633	80.22284	87.67084	94.04154	99.77902	84.4944	90.69743	98.44914	98.26314
12/7/2024 2:43:00 AM	80	96.36516	98.89533	99.20596	99.7448	99.46844	97.73524	62.98497	63.90092	88.65443	87.50284	90.0541	94.47892	98.41145	96.07896	99.61272	95.81065	70.43961	80.7178	88.30927	99.6208	70.031	85.38563	84.01108	90.30186	96.31686	100	87.77331	93.05445	99.24606	99.45331
12/7/2024 6:43:00 AM	84	98.45686	99.6087	99.85036	99.9904	99.87517	99.05323	64.28965	67.58842	92.55293	91.63534	93.70528	96.20162	98.59254	98.23852	99.9489	97.95493	74.9893	82.25449	92.03778	99.93033	73.88859	89.07387	88.3705	92.55213	97.87553	100	90.69868	95.76662	99.72379	99.86557
12/7/2024 10:43:00 AM	88	99.5955	99.99777	99.97379	100	100	99.60867	68.73149	71.78075	95.5596	94.83983	96.13953	98.04913	99.54781	99.1861	100	99.09753	80.09108	84.12367	95.11205	100	78.35075	92.64024	91.1905	94.81884	99.28495	100	93.62288	97.94439	99.94417	99.96812
12/7/2024 2:43:00 PM	92	99.91374	100	100	100	100	99.95882	72.57619	77.67846	98.285	97.26686	98.58878	99.05589	99.90711	99.74056	100	99.8183	84.96146	87.12663	97.5677	99.99802	82.81337	95.09551	94.36842	96.75163	99.87584	100	96.15638	99.16747	99.99568	100
12/7/2024 6:43:00 PM	96	100	100	100	100	100	99.99992	76.87222	83.84998	99.35593	98.90591	99.55053	99.58115	99.99714	100	100	99.99818	88.80662	90.69631	99.00912	100	86.93524	97.09731	96.62478	98.31244	99.96629	100	97.85313	99.7807	100	99.99997
12/7/2024 10:43:00 PM	100	100	100	100	100	100	100	83.49836	87.8305	99.85561	99.61049	99.97568	99.92676	100	100	100	100	92.24754	92.52576	99.80398	100	91.20704	98.81538	98.06526	99.34671	100	100	99.2802	99.93888	99.99921	100
12/8/2024 2:43:00 AM	104	100	100	100	100	100	100	86.401	91.97664	100	99.91199	100	100	100	100	100	100	95.40744	96.46161	99.99393	100	94.6254	99.55804	98.93697	99.88592	100	100	99.85594	99.99706	100	100
12/8/2024 6:43:00 AM	108	100	100	100	100	100	100	89.34462	95.54542	100	100	100	100	100	100	100	100	97.42257	96.93694	100	100	96.98047	99.86476	99.43938	99.99211	100	100	99.99052	100	100	100
12/8/2024 10:43:00 AM	112	100	100	100	100	100	100	94.04741	98.10202	100	100	100	100	100	100	100	100	98.74017	98.45966	100	100	98.39072	99.97304	99.74703	100	100	100	100	100	100	100
12/8/2024 2:43:00 PM	116	100	100	100	100	100	100	96.79388	99.36984	100	100	100	100	100	100	100	100	99.59788	99.37633	100	100	99.44538	100	99.94412	100	100	100	100	100	100	100
12/8/2024 6:43:00 PM	120	100	100	100	100	100	100	98.39689	99.79279	100	100	100	100	100	100	100	100	99.85363	99.85219	100	100	99.88705	100	100	100	100	100	100	100	100	100
12/8/2024 10:43:00 PM	124	100	100	100	100	100	100	99.62567	99.97757	100	100	100	100	100	100	100	100	99.99453	99.83932	100	100	99.98944	100	100	100	100	100	100	100	100	100
12/9/2024 2:43:00 AM	128	100	100	100	100	100	100	99.89734	100	100	100	100	100	100	100	100	100	100	99.95905	100	100	100	100	100	100	100	100	100	100	100	100
12/9/2024 6:43:00 AM	132	100	100	100	100	100	100	99.94209	100	100	100	100	100	100	100	100	100	100	99.99113	100	100	100	100	100	100	100	100	100	100	100	100
12/9/2024 10:43:00 AM	136	100	100	100	100	100	100	99.99683	100	100	100	100	100	100	100	100	100	100	100	100	100	100	100	100	100	100	100	100	100	100	100
12/9/2024 2:43:00 PM	140	100	100	100	100	100	100	100	100	100	100	100	100	100	100	100	100	100	100	100	100	100	100	100	100	100	100	100	100	100	100
12/9/2024 6:43:00 PM	144	100	100	100	100	100	100	99.99802	100	100	100	100	100	100	100	100	100	100	100	100	100	100	100	100	100	100	100	100	100	100	100
12/9/2024 10:43:00 PM	148	100	100	100	100	100	100	100	100	100	100	100	100	100	100	100	100	100	100	100	100	100	100	100	100	100	100	100	100	100	100
12/10/2024 2:43:00 AM	152	100	100	100	100	100	100	100	100	100	100	100	100	100	100	100	100	100	100	100	100	100	100	100	100	100	100	100	100	100	100
12/10/2024 6:43:00 AM	156	100	100	100	100	99.9975	100	100	100	100	99.99516	100	100	100	100	100	100	100	100	100	100	100	100	100	100	100	100	100	100	100	100
12/10/2024 10:43:00 AM	160	100	100	100	100	100	100	100	100	100	100	100	100	100	100	100	100	100	100	100	100	100	100	100	100	100	100	100	100	100	100
