Date Time	Elapsed	1806_F2 (5) 5K / well (B2)	1806_F2 (5) 5K / well (B3)	1806_F2 (5) 5K / well (B4)	1806_F2 (5) 5K / well (B5)	1806_F2 (5) 5K / well (B6)	1806_F2 (5) 5K / well (B7)	1806_F2 (5) 5K / well (B8)	1806_F2 (5) 5K / well (B9)	1806_F2 (5) 5K / well (B10)	1806_F2 (5) 5K / well (B11)	1806_F2 (5) 5K / well (C2)	1806_F2 (5) 5K / well (C3)	1806_F2 (5) 5K / well (C4)	1806_F2 (5) 5K / well (C5)	1806_F2 (5) 5K / well (C6)	1806_F2 (5) 5K / well (C7)	1806_F2 (5) 5K / well (C8)	1806_F2 (5) 5K / well (C9)	1806_F2 (5) 5K / well (C10)	1806_F2 (5) 5K / well (C11)	1806_F2 (5) 5K / well (D2)	1806_F2 (5) 5K / well (D3)	1806_F2 (5) 5K / well (D4)	1806_F2 (5) 5K / well (D5)	1806_F2 (5) 5K / well (D6)	1806_F2 (5) 5K / well (D7)	1806_F2 (5) 5K / well (D8)	1806_F2 (5) 5K / well (D9)	1806_F2 (5) 5K / well (D10)	1806_F2 (5) 5K / well (D11)	1806_F2 (5) 5K / well (E2)	1806_F2 (5) 5K / well (E3)	1806_F2 (5) 5K / well (E4)	1806_F2 (5) 5K / well (E5)	1806_F2 (5) 5K / well (E6)	1806_F2 (5) 5K / well (E7)	1806_F2 (5) 5K / well (E8)	1806_F2 (5) 5K / well (E9)	1806_F2 (5) 5K / well (E10)	1806_F2 (5) 5K / well (E11)	1806_F2 (5) 5K / well (F2)	1806_F2 (5) 5K / well (F3)	1806_F2 (5) 5K / well (F4)	1806_F2 (5) 5K / well (F5)	1806_F2 (5) 5K / well (F6)	1806_F2 (5) 5K / well (F7)	1806_F2 (5) 5K / well (F8)	1806_F2 (5) 5K / well (F9)	1806_F2 (5) 5K / well (F10)	1806_F2 (5) 5K / well (F11)	1806_F2 (5) 5K / well (G2)	1806_F2 (5) 5K / well (G3)	1806_F2 (5) 5K / well (G4)	1806_F2 (5) 5K / well (G5)	1806_F2 (5) 5K / well (G6)	1806_F2 (5) 5K / well (G7)	1806_F2 (5) 5K / well (G8)	1806_F2 (5) 5K / well (G9)	1806_F2 (5) 5K / well (G10)	1806_F2 (5) 5K / well (G11)
7/19/2024 4:02:00 PM	0	23.49511	25.0534	24.33706	24.71881	24.0199	22.30672	21.49144	24.98101	24.25931	21.13448	23.93361	27.93876	28.98007	22.27806	21.70297	21.53096	23.55449	25.68696	22.91865	18.73007	18.52869	25.91243	21.86554	24.74025	20.03452	21.00804	25.4024	22.47842	22.72718	18.32198	18.82987	21.7502	23.43937	19.73787	19.01829	20.22044	19.51407	21.07385	22.8771	17.7934	17.02017	17.38779	27.39022	21.88986	19.72776	19.62945	21.30096	25.55529	19.86559	19.42119	22.963	19.31969	19.2974	19.98269	17.42906	18.35569	18.86171	21.57365	18.82581	17.06388
7/19/2024 8:02:00 PM	4	29.46889	27.92962	26.73666	27.86179	27.71684	24.34994	25.33976	27.38026	25.68802	22.53871	29.40081	28.07019	26.36516	26.22354	25.14737	26.51638	28.9587	30.71811	25.34563	21.21533	23.20179	25.34103	26.81676	26.26384	25.20044	25.24044	29.76917	24.39627	24.73706	19.29756	23.51525	26.60603	30.33371	27.08436	23.14749	25.07928	23.9589	24.86359	23.99376	18.96092	20.42229	24.78349	28.42698	27.14154	22.38471	23.58676	23.54224	30.24102	23.12711	20.9654	23.43192	21.2512	23.54691	23.38591	20.79196	22.14256	20.48894	23.14014	20.72627	19.60014
7/20/2024 12:02:00 AM	8	31.34374	27.94939	29.11322	30.04028	31.16152	26.80411	27.28408	29.89482	27.55485	22.69032	27.76334	29.78813	28.55385	28.13701	26.90625	27.90602	28.8813	31.3861	27.6514	22.21168	23.71729	27.91732	27.87709	28.67854	27.12135	26.68106	31.7988	27.05154	25.87561	20.50116	23.27412	28.64594	31.07051	28.54027	25.12431	25.6754	26.43378	25.38383	26.73561	19.58354	22.03018	24.87656	31.4542	28.1666	23.24629	22.9195	24.92843	28.39315	22.54219	22.34136	25.13656	22.76945	25.81744	24.9602	21.87341	21.18312	22.31443	22.38255	20.87889	18.7709
7/20/2024 4:02:00 AM	12	34.05921	30.43322	29.32089	32.92084	33.79821	29.0284	30.51678	31.51408	28.5103	24.23569	30.47884	34.83614	34.16328	29.93361	29.08317	30.83088	30.76278	32.86607	28.21511	24.7205	25.15681	29.60016	30.47138	30.84369	29.85828	29.29087	32.98605	29.8921	28.33034	22.7667	25.68677	29.6923	32.48309	31.07057	28.07611	27.50354	27.19554	28.59972	26.61189	20.87172	23.55612	26.42443	34.65817	31.44319	25.65635	25.33482	25.94149	29.42568	26.36131	23.00872	23.83619	25.26462	28.81543	29.42359	23.02687	24.05052	24.26188	24.40042	22.61189	21.11943
7/20/2024 8:02:00 AM	16	34.80198	32.60185	32.42978	35.24601	37.45353	30.94303	31.62586	32.37276	30.04593	27.80276	33.74747	37.30367	35.69102	34.26567	33.22744	32.70836	35.06158	36.12282	29.86889	26.57187	28.98664	33.20862	33.96125	33.78303	32.28308	32.58121	34.57329	31.23434	28.86695	24.23989	27.30795	32.09711	35.35123	32.21682	30.27723	29.64496	30.91922	32.4799	30.0113	24.16517	26.18183	28.98898	35.73703	34.92511	29.37325	27.5143	29.79823	32.82185	28.23077	25.19691	24.84212	26.43623	30.09069	28.64847	25.16236	25.77616	26.42255	26.77778	25.49409	21.44822
7/20/2024 12:02:00 PM	20	38.16425	37.2206	36.36295	38.43317	38.95574	35.92519	37.06148	37.70584	35.12326	31.24229	36.18824	39.31467	40.45192	37.20173	36.23923	36.87388	38.50129	42.84949	33.74948	30.12869	31.17399	36.65997	37.13099	38.86372	37.62788	35.92604	39.69531	35.8712	31.14842	26.59381	29.52519	36.87192	38.10826	34.79958	33.01886	33.76098	32.67694	32.61617	33.17947	27.38291	29.25538	32.46551	37.93952	35.49092	32.0758	31.01571	34.77166	33.07835	30.63255	27.11824	28.96474	29.23756	31.90891	32.84951	27.72771	31.05571	28.85579	29.63875	27.95306	25.07934
7/20/2024 4:02:00 PM	24	42.83376	42.48998	43.47247	43.13583	46.56623	40.43651	41.04541	41.49549	38.16428	36.39558	41.54025	44.00737	45.08345	42.51803	40.24366	43.23446	44.88077	46.62138	36.71461	33.69549	34.59674	41.16558	41.25455	44.27785	43.28135	41.38301	45.44641	39.1762	36.83041	30.49323	33.55716	40.38092	42.16242	39.90912	37.18024	37.82662	37.62409	37.77206	35.93013	30.29487	31.55045	32.78315	41.19276	41.40222	37.46463	34.65746	38.73693	38.17294	35.42028	29.62762	30.73796	32.54488	39.73978	35.21654	30.63916	33.89188	32.48334	31.47907	30.83158	26.7192
7/20/2024 8:02:00 PM	28	49.13753	49.66313	47.8636	47.80109	48.49998	46.14244	49.30078	47.22014	44.05407	40.48384	47.92202	50.16948	52.60846	48.18186	46.95537	49.57984	51.15144	48.67911	42.75497	37.80902	39.32207	46.97826	47.47535	49.36798	48.64533	49.36839	50.09975	44.87807	41.79661	34.85521	37.15199	44.38254	47.15133	47.09962	43.10577	42.07779	43.23509	44.2124	40.46569	35.15228	34.07635	36.86803	47.49928	47.36391	41.72958	39.68603	42.61963	42.54588	39.49854	33.01341	34.55344	37.05364	41.61292	39.51855	34.5988	36.04031	37.0803	34.47143	32.55911	28.48301
7/21/2024 12:02:00 AM	32	54.33234	54.14784	53.88667	54.45418	55.63704	53.07668	55.99898	52.90154	50.12983	47.98779	55.27454	55.87895	55.91495	55.77205	53.0988	57.04748	57.17775	58.48164	47.06714	42.59704	43.61154	53.62566	52.43158	58.46439	54.58845	55.03006	54.9011	52.66527	45.69713	39.9023	42.32478	49.48627	51.46324	52.51645	49.77478	50.10778	48.96044	49.1701	45.44814	38.51263	37.95353	41.75225	50.78168	54.5355	48.87638	45.39964	48.43444	47.61786	41.67933	37.25103	38.79837	40.68922	47.78709	43.98447	38.15406	41.07814	42.14894	39.95749	37.91488	33.76125
7/21/2024 4:02:00 AM	36	61.69976	61.44232	61.17324	62.15176	63.28601	60.4716	64.01869	61.30807	57.52695	54.71049	62.77525	61.91534	64.50837	63.24487	60.75746	64.25157	65.25506	64.68803	53.61432	49.10775	51.10091	60.06281	61.23057	66.77749	61.67712	62.79865	63.80604	61.4038	53.67058	45.95744	48.83424	57.24126	58.9794	59.06575	57.54364	56.11404	57.20609	56.43439	51.85513	43.62718	41.17037	46.8506	61.48112	61.83196	54.91131	50.08743	54.88977	54.64965	47.34365	40.08338	44.20251	45.94629	50.31127	50.38409	44.41967	47.02391	47.43565	47.36095	41.02839	36.94742
7/21/2024 8:02:00 AM	40	71.29979	69.54565	70.66564	68.2714	70.69272	69.65359	72.02505	69.02396	67.61142	61.57976	70.44207	68.79521	73.35552	72.88892	69.86287	71.27783	74.09122	70.13849	63.0113	53.78423	58.51723	68.26134	68.85049	75.35474	70.57125	70.64002	71.51125	70.58527	62.0946	51.92005	56.5364	63.36742	67.14713	66.5163	66.30479	65.30883	65.02775	66.01353	57.6372	51.06232	48.82076	52.9951	69.23689	70.05359	62.75057	58.28309	63.34306	60.50192	54.07507	44.27192	49.99934	51.52592	57.00711	56.32468	50.13301	54.54618	55.52651	53.25681	48.91558	43.06215
7/21/2024 12:02:00 PM	44	78.86054	77.74256	79.35371	73.85053	79.19675	78.23061	80.01407	78.08402	76.74232	69.29283	79.30698	78.03571	80.40757	81.98728	79.34257	80.09133	80.72296	77.39131	71.45694	61.84727	66.87216	76.99229	76.61044	83.45112	79.01975	79.7985	80.97215	77.13862	70.7536	60.90425	62.52187	72.04411	76.29589	73.7653	75.12129	73.22804	72.53061	74.32658	65.21738	59.7888	52.37499	59.77652	74.15036	77.82242	70.07157	67.14208	70.76765	67.45717	61.4205	50.95159	57.6166	59.24993	66.05116	64.68253	59.18286	63.11829	64.72368	63.55885	55.6931	47.05024
7/21/2024 4:02:00 PM	48	85.74676	84.81305	85.5179	81.1344	85.20304	84.58858	87.62512	85.42449	84.2631	78.5743	85.4828	86.22086	87.96836	87.97669	86.75173	87.28256	86.81106	85.72208	79.2047	68.8418	74.63485	86.32845	84.57158	90.6659	88.10206	86.24506	87.18598	84.85859	77.97968	69.95475	70.37006	77.89818	82.82858	82.13026	82.29215	81.56697	80.90533	83.66682	73.59911	67.34854	58.36552	69.16809	84.33321	86.01408	78.45006	74.9772	77.51603	75.87502	68.59925	60.77778	64.85773	65.80073	72.72715	74.8065	66.94286	69.14552	73.01165	71.67262	63.46005	56.14204
7/21/2024 8:02:00 PM	52	91.63981	91.40611	91.42397	88.73484	91.61144	88.6977	92.01302	91.92465	90.65205	85.98787	92.76091	91.51346	93.11959	93.70702	93.21761	91.8278	92.119	91.14761	86.34014	76.37091	84.06316	91.63642	90.26144	95.65465	93.56952	92.52547	92.83457	90.81824	84.87051	78.23647	76.91431	83.80112	89.031	89.03339	89.07124	87.9643	88.27467	91.34366	80.73418	75.06641	66.20889	78.48578	89.20499	89.12315	86.68183	82.87783	84.14599	83.75079	76.22223	69.3328	71.87745	72.1391	79.06735	82.3962	74.16348	76.0418	79.56874	80.21337	69.98074	63.67146
7/22/2024 12:02:00 AM	56	95.23531	94.86665	95.09583	92.86297	94.54829	93.99012	96.20777	94.76021	94.51131	91.6372	95.46978	95.69023	96.53127	96.95301	97.01524	95.3631	96.38773	95.62656	91.80882	83.63084	88.44936	95.69241	95.09712	98.20827	96.9265	96.31512	96.59095	94.9331	90.84949	86.06143	84.61362	90.36108	92.31989	93.43307	94.45818	94.37762	92.69202	95.4485	85.74371	81.32408	71.49782	86.95028	94.8344	94.47409	93.25227	89.35635	90.29702	89.04499	81.77229	77.74117	79.06458	79.44884	86.20966	88.27337	80.92968	83.24326	85.67802	86.4017	74.99661	71.36712
7/22/2024 4:02:00 AM	60	97.78288	97.27277	97.6593	96.53078	97.45831	96.9739	97.9074	97.7396	97.83524	95.24639	98.32972	98.05276	98.66748	98.69422	98.97538	98.32756	98.72138	97.3955	94.93237	90.07742	93.21411	97.75147	97.26239	98.75347	98.64405	98.52904	98.80805	98.50115	94.48002	92.21455	89.75776	94.81918	95.8945	96.25594	97.03777	97.15034	96.6633	97.85589	91.158	86.26324	77.84979	92.10586	97.27724	98.04248	96.96193	94.77974	95.15915	94.52599	88.33746	83.67467	86.57112	87.38335	92.43391	94.12481	86.83562	89.05128	90.22629	90.34306	81.24345	77.39498
7/22/2024 8:02:00 AM	64	99.08575	98.83292	98.85576	98.45989	98.81528	98.78004	99.35871	99.04404	99.3643	97.74679	99.00552	99.13681	99.46848	98.92324	99.14332	99.13728	99.58096	98.79517	98.02252	93.61244	96.54498	99.26885	99.2462	99.38293	99.52996	99.22192	99.24948	99.49388	97.06187	95.96969	93.17223	97.98978	98.04327	98.36416	98.48505	98.83414	98.78996	99.1692	95.84305	89.58201	84.08415	95.85802	98.95813	98.83474	98.13696	97.57108	97.55289	96.81275	93.35093	89.2052	90.56145	92.04384	95.96219	96.39945	91.05892	93.69079	94.0052	93.7248	85.6398	84.85406
7/22/2024 12:02:00 PM	68	99.69782	99.04225	99.28113	99.33123	98.95151	99.35857	99.36395	99.62113	99.51922	98.88284	99.39632	99.3104	99.56924	99.42648	99.44058	99.53372	99.70084	99.30233	99.52476	97.06445	98.78967	99.52401	99.53126	99.62046	99.64724	99.6289	99.25761	99.64832	98.55415	98.70192	96.58244	98.81343	99.2607	99.08571	99.36999	99.22501	99.10954	99.60212	98.27031	92.78116	88.9528	98.69267	99.43069	99.42715	99.21711	99.11684	98.84941	98.76998	96.84261	94.22561	94.80833	96.12859	98.43398	98.80405	95.34949	97.14214	97.03915	97.13069	89.13633	89.89893
7/22/2024 4:02:00 PM	72	99.53799	99.39073	99.49626	99.62727	99.42188	99.7711	99.63381	99.74358	99.49802	99.27164	99.62756	99.65173	99.77232	99.45702	99.46565	99.68369	99.81139	99.546	99.81149	98.86621	99.42887	99.88364	99.86349	99.74799	99.7374	99.60451	99.39498	99.78478	99.26402	99.22817	98.64089	99.21838	99.54057	99.25844	99.22708	99.01199	99.36519	99.56241	99.45152	94.33748	93.50922	98.89414	99.78422	99.78606	99.53481	99.4678	99.20841	99.45951	98.33755	97.16171	97.90526	98.10744	99.5381	99.56789	97.57208	98.72763	98.99599	98.22814	93.5015	95.46929
7/22/2024 8:02:00 PM	76	99.80019	99.76429	99.82082	99.78461	99.72025	99.73	99.82359	99.52502	99.76894	99.46937	99.87804	99.66086	99.89622	99.5762	99.74845	99.84668	99.84593	99.66364	99.85631	99.50954	99.50616	99.84809	99.89816	99.81753	99.8565	99.689	99.69169	99.89291	99.73702	99.59389	99.58307	99.62142	99.61559	99.54098	99.64323	99.65643	99.69653	99.81789	99.76913	95.48121	96.97839	99.38922	99.83199	99.86698	99.77798	99.66509	99.54339	99.8369	99.13748	99.01771	98.69907	99.23872	99.7301	99.618	99.36504	99.47354	99.51367	99.14883	96.69753	97.96475
7/23/2024 12:02:00 AM	80	99.75808	99.92966	99.95919	99.96641	99.81693	99.9676	99.76938	99.80993	99.85944	99.69489	99.8848	99.93829	99.941	99.85866	99.93402	99.95213	99.9163	99.77629	99.92783	99.75912	99.52162	99.92297	99.8103	99.93687	99.95287	99.73059	99.95139	99.84072	99.87994	99.70218	99.62128	99.81659	99.91795	99.76086	99.96548	99.86134	99.83057	99.90318	99.80793	96.46024	98.97587	99.65733	99.80151	99.89034	99.87629	99.8077	99.56481	99.86516	99.55102	99.27831	99.28239	99.58814	99.8372	99.59219	99.71163	99.60239	99.80933	99.53175	99.30486	98.55865
7/23/2024 4:02:00 AM	84	99.92274	99.95927	99.9098	99.96057	99.85527	99.90752	99.90028	99.84448	99.96709	99.87127	99.88778	99.92985	99.94651	99.82867	99.97717	99.94833	99.99632	99.94354	99.90181	99.83503	99.77747	99.95361	99.91054	99.95606	99.97318	99.75697	99.98605	99.94305	99.95704	99.85237	99.7329	99.94636	99.95696	99.90344	99.93677	99.93888	99.88965	99.96652	99.90786	97.25783	99.71988	99.78311	99.96674	99.96853	99.95521	99.93877	99.92642	99.77412	99.68034	99.4642	99.81819	99.74492	99.87505	99.80093	99.843	99.85178	99.94145	99.76865	99.75091	99.36779
7/23/2024 8:02:00 AM	88	99.93346	99.95235	99.96566	99.97393	99.92326	99.98199	99.9875	99.96905	100	99.97842	99.98106	99.95879	99.98415	99.90845	99.97519	99.96712	99.99795	99.99736	99.95651	99.84087	99.84689	99.93007	99.94692	99.97805	99.96745	99.90054	99.99007	99.98103	99.97214	99.94439	99.86888	99.96157	99.98158	99.9677	99.96503	99.97039	99.95257	99.99364	99.85423	99.1421	99.81239	99.92192	99.96805	99.93959	99.96344	99.96358	99.90593	99.87204	99.78746	99.69745	99.73543	99.90485	99.90604	99.82298	99.86684	99.83891	99.94309	99.89179	99.82529	99.71326
7/23/2024 12:02:00 PM	92	99.98646	99.98136	99.95734	99.97392	99.94647	99.92442	99.98803	99.97263	99.99085	99.9518	99.97538	99.96805	99.97925	99.9656	99.98969	99.99769	99.98917	99.99166	100	99.92884	99.87569	99.96782	99.98427	99.98195	99.99802	99.94658	99.98911	99.99483	99.94695	99.97121	99.90035	99.9878	99.98717	99.9882	99.98062	99.99777	99.98148	99.98479	99.92014	99.84007	99.90299	99.97861	99.9894	99.9669	99.99687	99.95882	99.97259	99.92122	99.94815	99.94749	99.84769	99.7843	99.95629	99.91795	99.8729	99.95157	99.97046	99.98315	99.81773	99.72334
7/23/2024 4:02:00 PM	96	99.67223	99.91177	99.92855	99.93279	99.91076	99.90597	99.95998	99.97645	99.9278	99.8636	99.97017	99.90905	99.96325	99.94647	99.89206	99.7515	99.95391	99.93963	99.93233	99.82685	99.37624	99.85255	99.8642	99.98992	99.99334	99.85483	99.98721	99.95045	99.93364	99.73625	99.47745	99.79668	99.90217	99.85077	99.88637	99.96303	99.89459	99.96961	99.75875	99.16928	99.65177	99.71803	99.19957	99.86668	99.89343	99.74744	99.7907	99.83142	99.71337	99.5226	99.41566	98.76308	99.77385	99.6992	99.48157	99.81879	99.91135	99.92412	99.53855	99.2488
7/23/2024 8:02:00 PM	100	99.79784	99.92546	99.94412	99.97218	99.98735	99.96782	99.96645	99.99062	99.8613	99.87008	99.97105	99.97117	99.98009	99.99758	99.97853	99.9288	99.98471	99.96964	99.96284	99.93528	99.77921	99.88466	99.86866	99.99434	99.98073	99.93301	99.99561	99.96976	99.94382	99.94506	99.81589	99.94331	99.99519	99.98289	99.96909	99.97035	99.95503	99.91742	99.93915	99.37266	99.82894	99.86494	99.66799	99.90384	99.949	99.87164	99.72476	99.87483	99.86839	99.87209	98.94471	98.93108	99.87131	99.76012	99.54127	99.78951	99.96046	99.92884	99.81712	99.19655
7/24/2024 12:02:00 AM	104	99.95633	99.97389	99.98017	99.98299	99.97456	99.97931	99.99066	99.99241	99.98014	99.97395	99.99505	99.98114	99.99464	99.96362	99.9971	99.98589	99.98999	99.98334	99.94871	99.96712	99.90199	99.88142	99.96898	99.98624	99.99836	99.92502	99.99695	99.96967	99.95919	99.95518	99.92628	99.98772	99.9942	99.99657	99.94807	99.95916	99.9605	99.95566	99.84884	99.3496	99.8369	99.94878	99.9705	99.8989	99.92862	99.9358	99.98122	99.99673	99.93125	99.87446	99.31747	99.30051	99.97675	99.94566	99.85859	99.95793	99.79807	99.90705	99.76508	99.5608
7/24/2024 4:02:00 AM	108	99.97919	99.97601	99.97794	99.97031	99.99576	99.99576	99.95663	99.99758	100	99.98148	99.99818	99.99673	99.99208	99.93855	99.99088	99.99453	99.99271	99.99576	99.96179	99.93807	99.92393	99.94074	100	99.99725	100	99.98181	99.99382	99.99651	99.98814	99.99122	99.94093	99.99497	100	99.97474	99.95168	99.98553	99.99319	99.99107	99.88904	99.62287	99.91724	99.9811	99.95611	99.90689	99.95485	99.92914	99.92479	99.99997	99.93405	99.9313	99.86275	99.76035	99.95238	99.94253	99.93253	99.86111	99.74737	99.99725	99.9677	99.825
7/24/2024 8:02:00 AM	112	99.99813	99.99639	99.98528	99.9904	100	99.99702	99.98828	100	99.99657	99.95026	100	99.99561	99.97671	99.96545	99.99505	99.97363	99.99163	99.99193	99.99323	99.90318	99.99494	99.98913	99.98342	99.99319	99.95752	99.99223	100	99.99409	100	99.99432	99.97329	99.92661	100	99.98062	99.97839	100	99.97017	99.97906	99.96236	99.81506	99.95112	99.98206	99.95923	100	99.97489	99.9715	99.99791	99.99862	99.9024	99.93405	99.89867	99.91836	99.9785	99.95651	99.9576	99.91422	99.93999	99.97414	99.9053	99.94551
7/24/2024 12:02:00 PM	116	100	100	100	99.99624	100	99.99725	99.99662	100	100	100	99.99003	99.98705	99.99371	99.9747	99.99129	99.98825	99.99714	99.99316	100	99.83273	100	99.88863	99.99297	100	99.97105	99.9814	100	99.99062	100	99.96295	99.99519	99.88346	99.98542	99.98679	99.99795	99.97337	99.99316	100	99.96021	99.90351	99.97125	99.99549	99.98319	99.99113	99.95863	99.97771	99.97653	99.98144	99.98784	99.92735	99.87915	99.97076	99.98906	99.97853	99.97533	99.98944	99.94792	100	99.94149	99.95013
7/24/2024 4:02:00 PM	120	99.99662	99.99937	99.99828	99.99456	100	99.98222	100	100	100	100	100	99.99025	99.99044	99.98199	99.99483	100	100	99.99811	99.98006	99.99461	99.99799	99.89429	99.98831	100	100	100	100	99.99677	99.99683	99.98386	99.99788	99.98786	99.98798	99.98069	100	99.98528	99.9958	100	99.97623	99.92036	99.96753	99.99602	100	100	99.99836	99.98724	99.99557	99.98386	99.98634	99.98642	99.98021	99.94596	99.99214	99.99662	100	99.99828	100	99.99367	99.98906	99.99133
7/24/2024 8:02:00 PM	124	100	99.99434	100	99.99647	100	100	100	100	100	100	100	100	100	99.99029	100	99.98642	100	100	99.99802	99.98947	100	99.90905	100	100	100	99.99692	100	100	100	99.99432	99.99572	99.99725	100	99.99683	100	99.98605	100	99.99799	100	99.97897	99.99736	99.97295	100	99.99847	100	100	99.9975	99.98956	99.99456	99.98619	100	99.97987	99.97437	99.9849	100	99.99732	100	100	99.98463	99.9936
7/25/2024 12:02:00 AM	128	100	100	99.99722	100	100	100	100	100	100	100	100	100	100	99.99107	100	100	100	100	100	100	100	99.99657	99.99523	100	100	100	100	100	100	100	100	100	100	99.99606	99.99769	99.99074	100	100	99.99502	99.99766	99.98095	99.98244	100	100	99.99486	100	100	100	99.99921	99.99587	100	99.98928	100	99.98895	100	100	99.98348	99.99783	99.99788	99.99738
7/25/2024 4:02:00 AM	132	100	100	100	100	100	100	100	100	100	100	100	100	100	100	100	100	100	100	100	99.98493	100	100	100	100	100	99.99895	100	99.99349	100	100	100	100	100	100	100	100	100	100	100	100	99.9821	100	100	100	99.99628	100	100	100	100	100	99.99877	99.99193	99.99602	100	100	100	100	99.99728	99.99755	99.99692
7/25/2024 8:02:00 AM	136	99.99828	100	100	100	100	100	100	100	100	100	100	100	100	100	100	100	100	100	100	100	100	100	100	100	100	100	100	100	100	99.99628	100	100	100	100	100	100	100	100	100	100	100	100	100	100	99.99725	100	100	100	100	100	99.98947	99.95007	100	100	100	100	100	100	100	99.99692
7/25/2024 12:02:00 PM	140	100	100	100	100	100	100	100	100	100	100	100	100	100	100	100	100	100	100	99.99725	99.98795	100	100	100	100	100	100	100	100	100	100	100	100	100	99.9987	99.99478	100	100	100	100	100	99.97951	100	100	100	100	100	100	99.99416	100	100	99.99188	99.99357	100	100	100	100	99.99367	100	100	100
7/25/2024 4:02:00 PM	144	100	100	100	100	100	100	100	100	100	100	100	100	100	100	100	100	100	100	100	100	100	100	100	100	100	100	100	100	100	100	100	100	100	100	100	100	100	100	100	100	99.98486	100	100	100	100	100	100	100	100	100	99.9894	100	100	100	100	100	100	100	100	100
7/25/2024 8:02:00 PM	148	100	100	100	100	100	100	100	100	100	100	100	100	100	100	100	100	100	100	100	100	100	100	100	100	100	100	100	100	100	100	100	100	100	100	99.99438	100	100	100	100	99.98434	99.99799	100	100	100	99.99732	100	99.98843	100	100	100	100	100	100	100	100	100	100	100	100	100
7/26/2024 12:02:00 AM	152	100	100	100	100	100	100	100	100	100	100	100	100	100	100	100	100	100	100	100	100	100	100	100	100	100	100	100	100	100	100	100	100	100	100	99.98965	100	100	100	100	99.99267	99.99821	100	100	100	100	100	99.98528	100	100	100	100	100	100	100	100	100	100	100	100	100
7/26/2024 4:02:00 AM	156	100	99.99862	100	100	100	100	100	100	100	100	100	100	100	100	100	100	100	100	100	100	100	100	100	100	100	100	100	100	100	100	100	100	100	100	99.98594	100	100	100	100	100	100	99.99606	100	100	100	100	99.96928	100	100	100	100	100	100	100	100	100	100	100	100	100
7/26/2024 8:02:00 AM	160	100	100	100	100	100	100	100	100	100	100	100	100	100	100	100	100	100	100	100	100	100	100	100	100	100	100	100	100	100	100	100	100	99.99535	100	100	100	100	100	100	100	100	99.99486	100	100	100	100	100	100	100	99.99921	100	100	100	100	100	100	100	100	100	100
7/26/2024 12:02:00 PM	164	100	100	100	100	100	100	100	100	100	100	100	100	100	100	100	100	100	100	100	100	100	100	100	100	100	100	100	100	100	100	100	100	99.99921	100	100	100	100	100	100	100	100	100	100	100	100	100	100	100	100	100	99.99921	100	100	100	100	100	100	100	100	100
