Vessel Name: KH2404_A2H_F5_C8_GrowthRate
Date Time	Elapsed	1806_C8 (5) 5K / well (E2)	1806_C8 (5) 5K / well (E3)	1806_C8 (5) 5K / well (E4)	1806_C8 (5) 5K / well (E5)	1806_C8 (5) 5K / well (E6)	1806_C8 (5) 5K / well (E7)	1806_C8 (5) 5K / well (E8)	1806_C8 (5) 5K / well (E9)	1806_C8 (5) 5K / well (E10)	1806_C8 (5) 5K / well (E11)	1806_C8 (5) 5K / well (F2)	1806_C8 (5) 5K / well (F3)	1806_C8 (5) 5K / well (F4)	1806_C8 (5) 5K / well (F5)	1806_C8 (5) 5K / well (F6)	1806_C8 (5) 5K / well (F7)	1806_C8 (5) 5K / well (F8)	1806_C8 (5) 5K / well (F9)	1806_C8 (5) 5K / well (F10)	1806_C8 (5) 5K / well (F11)	1806_C8 (5) 5K / well (G2)	1806_C8 (5) 5K / well (G3)	1806_C8 (5) 5K / well (G4)	1806_C8 (5) 5K / well (G5)	1806_C8 (5) 5K / well (G6)	1806_C8 (5) 5K / well (G7)	1806_C8 (5) 5K / well (G8)	1806_C8 (5) 5K / well (G9)	1806_C8 (5) 5K / well (G10)	1806_C8 (5) 5K / well (G11)
1/14/2025 7:40:00 PM	0	9.308991	16.46254	23.37462	16.00048	10.98238	13.33054	12.4055	22.58192	13.06293	13.63138	14.47388	17.19894	42.29338	19.72916	19.36116	16.94766	17.54522	46.03223	13.98784	16.2922	15.22665	20.39369	24.56916	35.58678	37.62576	34.45018	38.45921	29.08501	14.38232	16.07122
1/14/2025 11:40:00 PM	4	11.05667	17.20559	26.07554	19.03182	13.18201	15.57192	14.83353	21.48677	16.47997	15.11282	14.92891	22.8831	40.97033	22.74056	22.43303	20.64961	20.06377	42.18457	16.76962	18.35647	17.86182	23.33048	32.71265	42.21918	32.92627	37.63963	43.26561	32.81385	17.48402	19.50614
1/15/2025 3:40:00 AM	8	11.2456	17.56468	25.39782	19.24955	14.06675	16.46821	14.93562	21.52941	17.86597	15.81489	15.08901	20.35155	45.20227	23.28673	23.07257	21.81218	20.77031	49.12769	17.19023	19.79458	17.87917	24.38943	30.60877	39.19538	33.09139	37.3367	48.36398	34.29348	17.53785	19.99927
1/15/2025 7:40:00 AM	12	11.85306	18.3888	26.45424	19.74696	14.46064	16.79543	15.37628	26.4706	16.82594	16.28747	16.07248	20.69488	38.45954	24.60622	23.05247	21.66694	21.52513	37.89737	18.34344	19.61776	18.2284	23.91798	30.28999	39.56019	36.79388	34.31004	47.85015	34.65453	18.22973	20.67031
1/15/2025 11:40:00 AM	16	12.09435	18.38506	27.45271	20.63788	15.17088	17.41006	16.09794	23.4493	18.07835	17.39178	16.55888	22.21798	38.76941	24.459	24.67568	22.33151	22.43887	37.87551	18.82969	20.42704	19.00872	26.03067	30.93781	41.3547	36.24028	39.13588	46.61414	35.17131	18.56474	21.60295
1/15/2025 3:40:00 PM	20	12.79076	19.50079	28.05413	22.1415	15.40669	17.97835	17.00793	22.89981	18.40896	18.33633	17.14998	24.79021	43.84589	25.60552	25.70416	23.16192	22.84912	48.92876	19.77876	21.93184	20.44317	27.2023	31.49871	45.55814	35.50878	38.85921	48.525	37.97318	19.17992	22.49556
1/15/2025 7:40:00 PM	24	13.30514	20.39004	25.41304	22.37057	16.59167	18.92614	17.22338	25.82658	19.54962	18.75501	18.17545	23.19253	44.78267	26.33908	25.74469	24.22597	24.16109	45.15163	20.49759	22.05181	20.22573	27.4129	32.97012	43.06149	37.92987	44.86193	51.81154	36.66576	20.03981	23.54186
1/15/2025 11:40:00 PM	28	14.09676	22.60393	28.03883	23.44486	17.10604	19.65323	18.08188	27.40218	19.47383	20.26168	18.75734	24.90359	45.34262	28.63555	26.92683	25.6854	24.58221	50.31293	21.2879	22.55202	21.29536	28.64681	34.20839	43.37676	37.02914	41.19924	54.6195	38.62573	20.96457	24.41321
1/16/2025 3:40:00 AM	32	15.09746	20.83488	32.7274	24.76266	17.93328	21.52512	18.7426	25.3198	22.91965	20.60597	19.59184	25.22077	43.78293	29.28399	27.59958	27.35131	26.81384	46.23785	22.26334	24.91774	23.30186	30.74021	37.54332	48.73459	44.11406	48.10533	48.33278	41.73574	22.47101	25.75742
1/16/2025 7:40:00 AM	36	15.74108	23.36638	31.81862	26.38664	18.93781	22.01212	19.36505	28.06244	22.80098	22.27157	19.82777	28.09317	43.78152	31.53672	30.04237	28.74926	27.50137	43.99629	23.60752	26.41017	23.46367	32.70219	36.46272	47.32534	44.86914	46.59062	51.37333	44.54626	23.92243	27.62367
1/16/2025 11:40:00 AM	40	16.75492	24.33375	28.62942	27.98954	19.81189	23.75726	21.11566	27.61848	23.18802	23.10522	22.4555	28.27881	47.35651	33.44444	32.71644	30.39576	29.72508	46.86034	24.27964	27.87043	25.7587	35.13102	37.03761	49.14431	45.93766	46.3467	57.12091	44.42089	25.02306	30.55588
1/16/2025 3:40:00 PM	44	17.54847	25.1447	31.75393	29.83313	20.45253	24.76587	21.78168	31.56527	26.05513	23.91093	23.08868	32.22497	48.82297	36.24664	33.54476	33.20356	31.31437	49.67049	26.29235	30.37436	27.02921	37.82626	40.82958	52.34737	49.51949	48.80315	53.25588	51.68536	25.96097	31.94732
1/16/2025 7:40:00 PM	48	19.2195	26.53849	34.43208	32.04348	22.27206	26.87413	23.06789	32.70314	26.71646	26.15542	25.27538	32.44621	49.00255	38.76204	35.39267	35.53005	33.52891	54.63028	28.01589	32.14095	29.03276	40.82781	44.63332	56.67073	50.40279	53.00283	61.15607	48.4325	27.83342	33.45288
1/16/2025 11:40:00 PM	52	20.34789	27.42426	34.24672	34.58501	23.29799	28.46259	24.53244	34.10559	28.17622	27.89076	25.86413	35.91525	54.49022	42.12757	38.91307	38.71215	35.8826	53.89445	29.97932	33.96252	31.11027	44.61292	45.74806	56.71983	50.23072	57.22563	60.32407	51.45797	30.28315	37.21012
1/17/2025 3:40:00 AM	56	21.88848	29.22421	36.91111	37.6874	25.29166	31.22564	26.78876	34.98189	29.79207	29.08285	27.59855	38.17723	55.10072	45.87194	41.92174	41.65209	38.86731	55.29585	32.43208	36.7482	33.05037	48.81347	49.60914	61.61029	53.6896	58.81174	62.85345	54.80309	32.23488	39.74054
1/17/2025 7:40:00 AM	60	23.97294	32.23489	39.51588	40.93362	27.12471	33.85448	28.07976	35.19169	31.56997	31.54826	29.18611	39.94292	57.54581	51.0204	45.17907	46.19056	42.40951	60.50682	35.40237	40.13076	35.19233	52.38488	53.608	64.50056	58.74094	60.86298	68.01614	58.96928	35.01242	42.99461
1/17/2025 11:40:00 AM	64	25.6644	33.73821	42.19545	45.20133	29.3413	36.60892	30.77578	39.01696	35.13832	34.43949	31.98786	45.5443	62.10602	54.90321	49.41907	49.99629	46.61008	60.12421	37.64488	42.78141	39.5359	56.03236	60.82948	69.7858	62.16639	67.58527	67.36374	62.10896	38.14936	47.10898
1/17/2025 3:40:00 PM	68	24.86988	33.93732	42.95088	42.65771	28.06538	36.05873	29.59725	36.71931	32.88411	32.12562	31.2052	40.31248	58.96857	54.15041	46.25976	48.38131	44.94425	60.26723	33.95442	41.51639	37.919	52.73809	56.16659	69.61311	62.71455	63.17522	66.87105	57.5766	37.67498	44.32969
1/17/2025 7:40:00 PM	72	26.60346	34.18172	42.69007	45.68079	30.10469	38.20384	31.7482	36.2179	33.96547	33.79455	33.3294	45.11161	61.30829	57.09909	50.11024	50.95624	47.75601	59.9829	36.47717	45.31895	39.26785	56.23568	60.89788	72.06326	65.22147	65.99541	72.44469	60.69548	40.71515	47.94144
1/17/2025 11:40:00 PM	76	29.04689	36.66639	47.88394	49.90822	32.64168	41.87227	35.2787	45.08482	36.98424	36.49483	35.731	47.35889	66.26803	62.67346	54.2683	55.34453	52.35595	64.44019	40.16163	48.9968	43.19884	61.07429	65.32542	76.9395	69.53017	72.03909	73.68903	66.23761	43.81102	52.62352
1/18/2025 3:40:00 AM	80	31.35842	40.68044	49.84411	55.40278	35.70142	45.50913	38.75389	46.51934	40.63017	40.25609	37.95564	52.39499	68.0284	68.0752	59.66492	61.01455	57.30841	64.71806	43.7848	53.59293	47.18257	67.31414	70.07372	78.4796	74.19437	74.27552	77.13507	70.7552	47.42938	57.07444
1/18/2025 7:40:00 AM	84	34.66267	43.2997	57.22053	61.99009	39.13204	50.47027	41.97351	44.89539	44.03699	44.87232	40.55137	59.2615	76.14815	73.92854	65.08911	67.89775	62.72404	68.55251	49.66939	58.12552	51.28335	73.48336	75.76563	83.33464	78.80938	78.46986	82.85373	75.68041	52.23502	62.37173
1/18/2025 11:40:00 AM	88	37.6801	47.62643	61.60987	67.99755	42.61711	55.82615	46.18052	50.44654	48.27823	48.23592	44.90195	63.76392	80.0741	79.34032	71.43636	73.1253	69.23293	74.2653	53.64902	62.87616	56.12254	79.12177	80.61324	88.49651	84.15197	83.00426	86.33117	82.44625	57.1939	67.63518
1/18/2025 3:40:00 PM	92	40.83295	52.29588	63.98091	74.27634	47.38929	60.84313	51.02559	55.66202	52.58749	53.61148	49.1563	68.27766	83.57273	84.62182	78.80247	79.46924	75.69308	78.63575	58.45539	68.14624	61.55548	84.95824	86.00713	91.75135	87.4931	87.00916	90.86272	86.7802	62.21709	73.07455
1/18/2025 7:40:00 PM	96	44.15889	55.08629	71.65132	79.3037	52.29598	66.41214	55.97473	60.21823	57.26012	58.38187	52.72828	74.00475	88.72522	89.17934	84.39869	84.59207	81.5603	82.57245	64.51065	72.63303	66.70628	89.88771	90.55021	94.89853	91.41901	90.27065	93.28406	89.57677	67.05674	78.28796
1/18/2025 11:40:00 PM	100	47.25385	60.39997	75.43292	84.26247	56.77739	71.58788	60.81136	62.78859	61.61341	63.62902	56.82193	79.63758	92.1853	92.75301	89.77525	88.93235	86.62672	86.35852	70.60938	78.14443	70.61277	93.51246	94.52296	96.69594	94.10054	93.18599	95.94344	93.3205	73.6375	83.08926
1/19/2025 3:40:00 AM	104	50.89416	65.94205	80.57236	88.79253	61.39775	76.5161	67.18716	71.40161	68.38564	68.54823	60.69465	84.18692	95.67225	95.40478	93.73616	92.65139	90.99317	89.38336	76.8334	81.73357	75.53168	96.45564	96.85432	98.13065	96.24777	95.00635	97.78329	95.67639	78.41517	87.04266
1/19/2025 7:40:00 AM	108	53.91456	70.49982	83.35641	91.91346	66.67633	81.7686	73.05511	75.41486	73.97712	73.63083	64.97393	87.71423	97.77466	97.25318	96.29026	95.11505	94.40123	91.2159	82.33576	85.71249	79.88337	98.15524	98.37498	98.72626	97.87757	96.79665	98.80731	97.66415	84.11922	90.91222
1/19/2025 11:40:00 AM	112	57.50415	74.15141	86.85524	94.30772	71.67219	86.58662	78.68346	78.77002	79.0259	78.52853	69.59467	91.73189	98.98	98.40328	97.87492	96.85358	96.71597	93.87413	86.93131	88.92377	83.57695	99.09898	99.40499	99.29449	98.79632	97.63239	99.41544	98.56944	88.68242	93.72651
1/19/2025 3:40:00 PM	116	61.37035	78.7875	91.30993	95.78034	76.11301	89.96109	83.30846	84.54446	85.06373	83.00687	73.18849	94.12924	99.55924	99.09749	98.92159	97.96709	98.17542	95.83999	91.26772	91.50201	86.70425	99.7169	99.7589	99.67424	99.44813	98.49572	99.77505	99.35652	92.29286	95.73501
1/19/2025 7:40:00 PM	120	65.43839	83.52535	93.98341	97.23848	80.43385	92.86501	88.31158	88.73487	89.27335	87.02754	76.85915	96.17775	99.8428	99.57349	99.48801	98.73682	99.21321	97.76904	94.84174	93.80042	89.90931	99.93744	99.93747	99.84017	99.71824	99.2134	99.96273	99.74699	95.46217	97.60954
1/19/2025 11:40:00 PM	124	69.38737	87.46684	96.41172	98.1652	84.4864	95.43054	92.39427	92.57916	93.19036	90.39681	81.13625	97.71142	99.91566	99.82551	99.83496	99.29147	99.70359	98.79816	97.46894	95.73892	92.21633	99.98367	99.98653	99.93832	99.94651	99.62381	99.9855	99.93056	97.49773	98.57668
1/20/2025 3:40:00 AM	128	72.65083	89.58746	98.20306	98.90543	87.71291	97.3131	95.17293	95.05463	95.94934	93.39383	84.53775	98.64413	99.95529	99.94596	99.97659	99.65081	99.92936	99.258	98.94209	97.24066	94.56324	100	100	99.98483	99.99113	99.83976	99.99669	99.98965	98.95028	99.16002
1/20/2025 7:40:00 AM	132	76.75882	92.63467	99.24211	99.4421	90.59438	98.56408	97.43592	97.4298	97.90491	95.39229	87.83186	99.25888	99.97601	99.99538	99.9978	99.84002	99.98006	99.88778	99.65739	98.22658	96.36708	100	100	99.98984	99.99214	99.93149	99.99434	100	99.59055	99.72467
1/20/2025 11:40:00 AM	136	80.03214	94.82197	99.72245	99.80655	93.33887	99.06948	98.86726	98.73893	99.01012	96.88934	90.94161	99.61209	99.98505	100	100	99.95696	99.9984	99.96841	99.92472	99.12633	97.9201	100	100	100	99.99092	99.97579	100	100	99.87881	99.89558
1/20/2025 3:40:00 PM	140	83.28285	96.77766	99.92628	99.98505	95.40224	99.41064	99.62556	99.3801	99.49187	98.03539	93.34622	99.78609	99.99211	100	100	100	99.99761	99.98434	99.96522	99.60692	98.78886	100	99.99862	100	99.99152	99.99226	100	100	99.94607	99.9515
1/20/2025 7:40:00 PM	144	85.67072	98.15405	99.97538	99.99214	96.91351	99.6042	99.93194	99.71345	99.70318	98.85667	95.25715	99.92404	100	100	99.99486	100	100	99.98556	99.99717	99.84285	99.48908	100	100	100	99.99747	99.99903	99.99647	100	99.95492	99.98664
1/20/2025 11:40:00 PM	148	88.67825	98.98758	99.9984	100	98.03073	99.72178	99.98322	99.89109	99.80346	99.32339	96.61443	99.99255	100	100	100	100	100	100	99.99847	99.93353	99.73342	100	100	100	100	100	100	100	100	100
1/21/2025 3:40:00 AM	152	90.4724	99.54543	99.99903	100	98.75343	99.8495	100	99.96495	99.86847	99.59509	97.8243	100	99.99903	100	100	100	100	99.99639	100	99.97519	99.83589	100	100	100	100	100	100	100	100	100
1/21/2025 7:40:00 AM	156	92.49135	99.82146	100	100	99.18253	99.89764	100	100	99.95086	99.76295	98.70051	99.99639	100	100	100	100	100	100	100	99.98014	99.93101	100	100	100	100	100	100	100	100	100
1/21/2025 11:40:00 AM	160	93.7733	99.94822	100	100	99.37084	99.98181	99.99788	100	99.99289	99.84347	99.33431	100	100	100	100	100	100	100	99.99312	99.99387	99.97947	100	100	100	100	100	100	100	100	100
1/21/2025 3:40:00 PM	164	95.15105	100	100	100	99.59445	100	99.96976	100	100	99.92769	99.69786	100	100	100	100	100	100	100	100	99.98808	99.98561	100	100	100	100	100	100	100	100	100
1/21/2025 7:40:00 PM	168	96.16812	99.99888	100	100	99.74198	100	99.97664	100	99.99148	99.9958	99.86806	100	100	100	100	100	100	100	100	99.98418	99.99699	100	100	100	100	100	100	100	100	100
1/21/2025 11:40:00 PM	172	96.95119	99.99862	100	100	99.78665	99.9959	99.95354	100	99.99791	100	99.92029	100	100	100	100	100	100	100	100	99.99795	99.99628	100	100	100	100	100	100	100	100	100
1/22/2025 3:40:00 AM	176	97.53411	100	100	100	99.82436	100	99.9945	100	99.99777	100	99.95518	100	100	100	100	100	100	100	100	99.99699	100	100	100	100	100	100	100	100	100	100
1/22/2025 7:40:00 AM	180	97.97707	100	100	100	99.86059	100	99.9942	100	99.9984	100	99.97423	100	100	100	100	100	100	99.99921	100	100	100	100	99.99862	100	100	100	100	100	100	100
1/22/2025 11:40:00 AM	184	98.34612	100	100	100	99.9111	100	99.99025	100	100	100	99.98753	100	100	100	100	100	100	100	100	100	100	100	100	100	100	100	100	100	100	100
