Date Time	Elapsed	1806_C3 (5) 5K / well (E2)	1806_C3 (5) 5K / well (E3)	1806_C3 (5) 5K / well (E4)	1806_C3 (5) 5K / well (E5)	1806_C3 (5) 5K / well (E6)	1806_C3 (5) 5K / well (E7)	1806_C3 (5) 5K / well (E8)	1806_C3 (5) 5K / well (E9)	1806_C3 (5) 5K / well (E10)	1806_C3 (5) 5K / well (E11)	1806_C3 (5) 5K / well (F2)	1806_C3 (5) 5K / well (F3)	1806_C3 (5) 5K / well (F4)	1806_C3 (5) 5K / well (F5)	1806_C3 (5) 5K / well (F6)	1806_C3 (5) 5K / well (F7)	1806_C3 (5) 5K / well (F8)	1806_C3 (5) 5K / well (F9)	1806_C3 (5) 5K / well (F10)	1806_C3 (5) 5K / well (F11)	1806_C3 (5) 5K / well (G2)	1806_C3 (5) 5K / well (G3)	1806_C3 (5) 5K / well (G4)	1806_C3 (5) 5K / well (G5)	1806_C3 (5) 5K / well (G6)	1806_C3 (5) 5K / well (G7)	1806_C3 (5) 5K / well (G8)	1806_C3 (5) 5K / well (G9)	1806_C3 (5) 5K / well (G10)	1806_C3 (5) 5K / well (G11)
9/20/2024 5:17:00 PM	0	21.74615	19.67464	18.30327	13.61042	12.84805	22.43577	15.41845	19.982	16.99365	11.76235	17.74313	16.042	14.28304	14.11782	11.375	8.805147	8.635942	9.111995	4.044457	2.375582	15.81568	18.34344	8.42836	13.85602	15.58906	11.07924	14.97656	5.549123	3.395735	1.28647
9/20/2024 9:17:00 PM	4	29.31776	26.65833	26.40181	20.59506	20.97899	28.77707	23.02952	27.09797	22.81796	18.80322	23.83534	22.7165	20.48275	20.1898	15.95726	12.71681	11.92184	11.59367	6.609142	3.527368	21.58298	23.38984	13.21553	16.53445	20.72416	18.40274	17.26705	8.231706	5.257848	2.091483
9/21/2024 1:17:00 AM	8	29.27052	27.96426	28.04673	21.28992	22.24313	30.5835	25.4168	27.58085	24.55968	19.30879	25.27554	23.41099	20.52337	18.86862	17.0954	13.38236	13.14434	11.53861	7.587561	3.621918	22.28234	24.41217	15.93413	17.20581	22.22931	14.12827	24.54961	8.22007	5.836794	2.021149
9/21/2024 5:17:00 AM	12	29.08992	30.32404	28.60727	21.16106	21.24229	31.77028	25.91064	26.77075	25.98213	19.79659	26.53306	23.57652	24.9135	18.73847	21.51188	13.89036	13.06783	11.81946	7.198646	3.862238	23.26621	25.53984	13.6971	18.03484	24.85538	15.18184	21.22933	9.242807	5.372745	2.171529
9/21/2024 9:17:00 AM	16	30.81812	31.12521	29.66897	23.60958	23.49516	33.12206	27.99263	28.16249	26.59874	21.23124	27.69745	24.93443	24.0906	20.80936	20.18407	15.0449	13.75233	13.21031	7.801027	4.118959	24.30412	26.55405	14.72161	17.13735	21.79689	17.26618	19.56085	9.37707	6.903636	2.190202
9/21/2024 1:17:00 PM	20	32.30022	32.01427	30.52711	24.40717	25.83792	35.78529	29.15047	31.05935	29.5386	23.36195	29.44457	27.05614	22.8758	22.15172	18.41742	15.85613	14.59662	12.69325	8.035765	4.26149	27.07461	26.84637	16.77917	17.819	24.51051	18.67976	24.57134	10.55587	6.509205	2.22591
9/21/2024 5:17:00 PM	24	35.36064	35.16096	31.51688	24.56292	26.91121	38.37095	32.03162	33.01563	30.47906	26.02676	31.16214	29.2816	23.80713	21.39495	20.51429	16.43581	15.73223	14.49418	8.607116	4.465429	27.87079	28.23627	16.96308	18.76325	23.49326	17.30721	20.8914	10.4025	5.842414	2.422038
9/21/2024 9:17:00 PM	28	37.0268	37.38458	34.50258	29.07557	27.23248	40.68815	34.50893	34.63902	32.36898	27.28883	34.47475	30.56925	24.82548	22.30796	18.68908	17.23083	16.15413	15.79142	9.290504	4.840693	29.63048	28.89477	17.54247	21.46081	22.48331	20.23644	24.05771	11.1489	7.253709	2.583131
9/22/2024 1:17:00 AM	32	39.60858	38.55836	38.69415	30.31724	30.29098	45.16186	37.18811	39.57938	35.32355	29.16483	36.43525	32.76923	26.14753	24.01357	20.33738	18.86046	18.10485	16.0644	9.870872	4.901656	32.26663	32.01583	19.22439	22.53779	24.94388	23.51054	25.48731	10.98613	6.886599	2.424122
9/22/2024 5:17:00 AM	36	41.73509	40.24938	38.98613	32.00085	32.40871	48.57499	39.71256	42.01434	38.78639	32.71943	38.33988	35.35418	27.98369	25.97468	21.06964	20.78717	18.52077	17.34078	9.984492	5.488894	33.34746	32.38067	20.56244	22.51569	28.70157	21.61052	23.87533	11.32197	6.991786	2.799681
9/22/2024 9:17:00 AM	40	44.43233	43.78443	42.11422	35.14388	35.07513	52.41691	43.44278	48.32348	42.90199	33.59176	41.48995	38.00951	30.48804	28.54796	23.01461	22.55539	19.81805	17.83411	10.96259	5.308757	36.40966	35.3726	23.46029	23.67502	25.49026	22.09371	24.22042	12.31147	7.154223	2.649117
9/22/2024 1:17:00 PM	44	48.0578	46.49797	46.98748	36.09423	37.71935	56.29178	46.71612	48.6957	45.08897	35.94835	44.48989	40.75726	34.31732	29.95878	27.9531	25.00062	22.2163	19.52607	11.04571	5.943232	38.84257	37.37123	24.48297	26.39093	27.45503	23.50045	28.92381	14.32642	7.553396	2.963565
9/22/2024 5:17:00 PM	48	50.95267	49.20711	49.64287	40.48927	40.5315	61.50397	51.14545	52.88554	48.33865	40.16481	46.35204	42.65333	36.36839	31.97504	29.37797	27.81436	23.34572	20.39554	11.59933	5.813015	41.12049	40.19709	26.0301	27.32402	29.63474	25.04222	31.14971	13.93955	6.999327	3.285748
9/22/2024 9:17:00 PM	52	52.90467	52.30814	51.55561	42.79737	44.30363	65.88123	54.53582	56.5447	51.37302	41.80558	50.0966	46.09341	40.07544	34.7888	30.06865	29.68066	25.58634	20.32018	12.14829	6.172167	43.52862	42.60561	28.49259	32.01595	28.91502	26.99319	28.36604	15.04069	7.645451	3.184394
9/23/2024 1:17:00 AM	56	56.36806	54.55378	54.99351	45.67949	48.36852	69.71606	58.19391	61.36792	55.12897	45.10938	52.57385	48.58587	40.54247	37.1555	33.04678	32.55263	27.53309	23.70475	13.55933	6.551039	46.54684	46.37992	31.06576	31.02852	28.8721	34.06488	29.40768	15.07124	8.257199	3.417346
9/23/2024 5:17:00 AM	60	59.59208	58.6521	59.44144	48.98416	51.07413	74.4464	62.22964	65.92793	58.52848	46.59634	54.63576	52.89437	46.21526	39.26549	33.68973	35.03193	29.58414	24.94412	14.21161	6.684163	49.09444	48.54522	32.50178	35.46463	32.71232	31.75637	34.58821	17.23449	8.060063	3.485486
9/23/2024 9:17:00 AM	64	63.10548	61.50084	61.62114	52.63543	56.15999	78.06097	65.50927	70.03825	61.95302	49.65138	58.31812	56.61124	45.69349	43.23607	37.75372	38.79917	31.62411	25.56339	15.52093	7.114622	51.37198	51.80576	34.76869	37.73716	35.9371	34.4626	38.61873	17.52357	8.173811	3.409684
9/23/2024 1:17:00 PM	68	65.24706	65.25456	64.64176	55.35249	60.70772	81.71366	69.51844	73.98396	66.13832	52.64471	60.15881	58.77232	49.08686	44.40232	38.20995	42.10474	34.19886	27.53662	16.01128	7.448075	54.83252	54.17101	36.17088	40.31416	34.93213	38.92616	38.44338	20.45291	7.170125	3.849998
9/23/2024 5:17:00 PM	72	69.13212	68.38679	69.80269	60.28075	65.29598	85.56313	72.86675	78.11823	70.03825	56.47207	64.09327	63.23607	55.36184	49.35094	43.49499	45.62732	37.7922	30.3788	16.83753	8.049931	58.07098	57.5794	42.0451	42.07018	40.10718	42.79884	38.7373	19.82176	9.154154	3.710892
9/23/2024 9:17:00 PM	76	71.77986	72.3276	72.31995	64.85222	70.38455	88.49897	76.46481	80.56698	73.12169	58.64341	67.81312	66.26519	58.45398	51.15182	48.86565	48.97989	38.90663	31.72385	18.367	8.155233	61.35547	62.97208	43.58723	45.85807	42.61503	45.18756	38.52708	20.93207	10.52771	3.668414
9/24/2024 1:17:00 AM	80	74.91483	74.90823	74.52119	68.38194	73.78187	90.59204	79.33394	84.27359	76.63611	62.45124	69.73652	69.03655	59.2944	54.13379	50.84376	52.54768	41.40571	34.94899	20.50845	8.5225	64.37086	65.90516	47.39811	52.17282	45.43747	48.02549	48.80828	22.98237	11.42935	4.182787
9/24/2024 5:17:00 AM	84	78.16563	78.6076	77.822	71.68015	78.61033	92.7296	82.84689	87.29704	79.11507	65.2457	72.74607	73.10885	61.36794	58.35453	53.59018	56.52072	44.03867	36.80971	20.36288	8.823891	67.27436	68.18266	48.98929	53.89975	48.7111	50.69398	44.97387	25.04265	11.91841	4.220462
9/24/2024 9:17:00 AM	88	81.07011	80.81813	80.8537	74.0975	82.48936	94.45672	85.50067	88.46552	82.50824	68.04543	74.51862	75.41225	63.10385	60.96024	61.59076	60.65964	46.96823	41.38997	23.04873	9.441923	70.07951	72.15419	51.82289	55.74876	50.89814	55.7575	47.45418	26.32051	13.25819	4.396952
9/24/2024 1:17:00 PM	92	82.82753	83.18893	83.97219	78.19376	85.43919	95.68832	87.93614	91.56846	84.8724	71.01449	77.78271	77.84008	66.73777	63.84003	61.80503	64.34072	49.70551	42.48278	23.88208	9.987912	72.22024	72.98307	54.4058	57.24964	52.34707	58.50333	51.61989	30.09431	10.19659	4.572814
9/24/2024 5:17:00 PM	96	84.02357	84.59512	84.88836	79.80907	85.39568	96.18793	89.00147	92.27508	85.52413	72.15834	79.5536	79.52835	67.69892	63.09351	62.37391	65.29768	50.76833	43.93703	24.59783	11.92657	74.09882	73.82029	54.78832	58.91346	51.81927	59.86208	54.91788	33.12558	9.634041	5.251705
9/24/2024 9:17:00 PM	100	86.39406	85.72173	86.36415	80.82963	87.25689	96.90282	90.50999	93.25944	87.38491	74.38403	81.62825	81.42215	69.67683	65.64182	64.77206	68.00211	53.08199	47.12399	27.88841	14.05608	75.48775	76.48747	58.16256	61.66598	52.57753	61.71966	53.67819	36.46572	11.0719	6.172149
9/25/2024 1:17:00 AM	104	88.63257	88.70673	88.65385	84.01884	90.10748	98.19016	93.07629	95.42565	89.68854	77.82418	85.14455	85.51512	71.5248	68.75352	67.0047	71.10801	56.34014	50.6846	27.79912	14.43801	78.48885	80.09411	60.91821	65.19431	57.66158	65.03473	58.76356	39.4644	12.13323	5.953398
9/25/2024 5:17:00 AM	108	91.6614	91.82671	91.80308	88.15503	92.60857	99.0366	95.39635	97.44057	92.52057	80.79994	87.60474	88.79238	76.9233	72.54213	70.83349	75.24718	58.98338	53.06649	30.14983	15.2419	81.88652	82.83113	64.07356	67.31551	59.74141	67.05842	56.38346	40.94418	13.0796	5.930895
9/25/2024 9:17:00 AM	112	94.00992	93.71699	94.04921	90.90939	95.19087	99.54811	97.32813	98.75783	94.53841	84.2889	90.37286	91.9751	80.28188	75.742	75.11434	79.02318	63.03263	54.26153	32.06462	18.02895	85.53142	85.21538	66.57053	70.45792	63.37491	71.43781	59.23076	43.66057	14.17332	6.194943
9/25/2024 1:17:00 PM	116	95.16225	95.50606	96.38669	93.0838	97.03905	99.88398	98.70586	99.5499	96.21612	87.29332	93.08739	94.39852	83.50192	78.39339	77.37201	82.61956	66.28932	57.25946	33.97143	17.96189	87.353	87.67915	69.85316	73.08437	67.79337	73.91943	65.21841	46.14051	14.2212	6.676621
9/25/2024 5:17:00 PM	120	96.20718	96.79237	97.5564	94.93017	98.33469	99.97813	99.48824	99.9082	97.37114	89.86346	94.81939	96.534	85.17763	81.43677	80.12188	85.96841	68.35841	60.88527	36.20331	17.97147	89.98257	90.01786	72.39826	75.60602	68.86745	77.51984	65.26509	49.07903	15.45857	6.807911
9/25/2024 9:17:00 PM	124	97.00742	97.69884	98.56097	96.89609	99.21585	100	99.88157	99.99851	98.38822	91.80328	95.71536	97.33112	90.31747	84.00799	82.10493	89.01415	71.19482	62.61469	38.28961	19.91427	91.8755	91.6276	74.72464	77.92355	72.63169	81.47585	68.59284	51.365	16.06812	7.232762
9/26/2024 1:17:00 AM	128	97.45103	98.03333	99.1076	97.6815	99.70332	100	99.9936	99.99755	98.98582	93.53144	97.25456	98.28891	90.12988	86.95853	83.91508	91.37162	74.32813	66.02241	40.26887	21.34715	93.68761	92.87713	77.04664	80.86008	76.19884	83.13898	72.59254	53.99861	17.41723	7.340628
9/26/2024 5:17:00 AM	132	97.97919	98.57113	99.45048	98.60582	99.97919	100	100	100	99.40849	95.01941	97.94526	98.80453	92.28644	89.11567	86.91347	93.04016	77.09137	69.14566	42.4631	21.52543	94.74643	93.98403	79.12572	82.01116	76.95801	85.04017	72.72267	56.07037	17.89967	7.207052
9/26/2024 9:17:00 AM	136	98.38915	99.16647	99.63538	99.0731	100	100	100	100	99.67685	96.36502	98.54428	99.09087	94.14365	90.96786	88.33026	94.78338	79.91213	72.30691	44.55937	23.36909	96.00103	95.36158	82.28255	84.04948	80.8582	87.57098	75.96957	58.50842	19.76744	7.754749
9/26/2024 1:17:00 PM	140	98.82402	99.38707	99.7444	99.51672	100	100	100	100	99.88376	97.29239	98.9873	99.33868	95.59432	92.60882	90.48402	96.07009	82.49746	74.21257	47.14287	24.07386	96.84191	96.04953	83.37021	86.62132	82.16364	88.8566	79.29348	59.96508	19.86159	7.740206
9/26/2024 5:17:00 PM	144	99.16382	99.5155	99.81693	99.75404	100	100	100	100	99.97655	98.19094	99.40811	99.52421	96.64186	93.84854	92.20807	96.90084	84.70686	76.80701	48.6698	26.05183	97.48936	96.69281	85.06544	87.79291	85.16004	90.97546	80.48874	63.36341	20.93985	9.319853
9/26/2024 9:17:00 PM	148	99.48425	99.70311	99.916	99.83508	100	100	100	100	99.99178	98.98279	99.64632	99.59511	97.81393	95.31305	93.74313	97.76172	86.81664	78.98522	51.4851	28.40861	98.1004	97.65799	86.89707	89.17915	87.25745	92.21835	83.99418	65.82993	22.96333	10.09727
9/27/2024 1:17:00 AM	152	99.77188	99.75645	99.97664	99.95271	100	100	100	100	99.99802	99.55711	99.81949	99.72729	98.42569	96.18882	95.28365	98.44815	88.7182	80.8738	53.7003	30.29943	98.47521	98.00591	88.77031	90.44771	89.9314	93.7411	83.92616	67.74193	24.16446	10.70448
9/27/2024 5:17:00 AM	156	99.91314	99.83991	99.99456	99.99352	100	100	100	100	100	99.76247	99.95559	99.80413	99.03583	96.87585	96.24633	98.97859	90.46597	83.53733	55.3941	30.24168	98.78867	98.59076	90.09613	92.05592	91.0689	94.31398	86.65434	70.00644	25.69152	10.74067
9/27/2024 9:17:00 AM	160	99.97972	99.91359	100	100	100	100	100	100	100	99.93453	99.99289	99.85085	99.10513	97.51601	96.86528	99.35586	92.11417	84.76064	57.89311	32.21064	99.08794	98.90985	91.30768	92.66469	93.48135	95.34955	87.20811	72.92497	27.78386	12.08346
