Date Time	Elapsed	1806_C4 (5) 5K / well (E2)	1806_C4 (5) 5K / well (E3)	1806_C4 (5) 5K / well (E4)	1806_C4 (5) 5K / well (E5)	1806_C4 (5) 5K / well (E6)	1806_C4 (5) 5K / well (E7)	1806_C4 (5) 5K / well (E8)	1806_C4 (5) 5K / well (E9)	1806_C4 (5) 5K / well (E10)	1806_C4 (5) 5K / well (E11)	1806_C4 (5) 5K / well (F2)	1806_C4 (5) 5K / well (F3)	1806_C4 (5) 5K / well (F4)	1806_C4 (5) 5K / well (F5)	1806_C4 (5) 5K / well (F6)	1806_C4 (5) 5K / well (F7)	1806_C4 (5) 5K / well (F8)	1806_C4 (5) 5K / well (F9)	1806_C4 (5) 5K / well (F10)	1806_C4 (5) 5K / well (F11)	1806_C4 (5) 5K / well (G2)	1806_C4 (5) 5K / well (G3)	1806_C4 (5) 5K / well (G4)	1806_C4 (5) 5K / well (G5)	1806_C4 (5) 5K / well (G6)	1806_C4 (5) 5K / well (G7)	1806_C4 (5) 5K / well (G8)	1806_C4 (5) 5K / well (G9)	1806_C4 (5) 5K / well (G10)	1806_C4 (5) 5K / well (G11)
12/13/2024 3:02:00 PM	0	14.43982	20.54821	35.63853	23.87517	22.08604	18.81783	25.49256	32.59034	27.32153	17.93301	18.38799	15.41312	22.77505	32.25797	19.0147	17.70069	28.37227	35.67819	25.52868	15.32912	9.77687	11.64281	14.18601	32.35526	21.30353	25.38583	35.4403	27.83242	21.87296	11.56344
12/13/2024 7:02:00 PM	4	18.27844	24.54419	33.12212	28.45746	26.11063	22.06279	30.91887	34.15384	30.29	22.74837	18.47082	17.77202	24.4859	35.16136	23.30235	21.18728	36.08895	39.02682	30.30956	19.49057	11.71098	14.29453	16.33592	39.29762	30.35736	30.45499	39.45154	32.31885	25.97484	15.02775
12/13/2024 11:02:00 PM	8	18.41678	25.19677	35.12543	30.00805	28.09542	23.50764	32.42831	35.41561	30.80233	23.20943	20.19603	18.63212	22.87213	35.13169	25.15248	22.70363	36.81335	39.29693	31.0659	19.14081	12.48182	14.08582	17.48792	38.9579	29.88297	32.41587	42.46014	31.48995	27.51385	15.36387
12/14/2024 3:02:00 AM	12	19.05174	25.96042	34.89405	30.19718	28.36798	24.96321	34.94281	36.49252	31.88942	24.96484	19.80294	19.00744	26.27148	37.07631	25.68918	23.18938	35.25125	39.97118	32.26209	20.13611	13.16597	15.10907	17.71432	42.12638	28.70982	32.04029	37.1179	31.67921	27.95121	15.89535
12/14/2024 7:02:00 AM	16	19.86782	26.8199	35.48904	32.33416	29.15644	25.91803	37.07201	37.5046	34.22979	25.05794	20.98497	19.84243	27.22371	38.85229	25.42634	24.88107	37.10014	41.76154	34.04174	20.66396	13.49888	15.59863	18.93101	44.55517	30.39719	30.53643	41.19666	33.68056	28.95423	16.40047
12/14/2024 11:02:00 AM	20	21.80341	28.94358	33.679	35.64486	31.17392	27.85724	38.96009	41.58879	36.85604	26.92185	21.26684	22.24579	26.12317	41.54078	27.45611	26.07189	39.99487	44.27369	35.89401	22.3807	14.58918	17.04296	19.13371	50.50798	31.89927	34.17232	39.26135	35.53994	31.75083	17.54439
12/14/2024 3:02:00 PM	24	22.35398	29.66655	36.38258	38.51565	34.21247	30.41944	43.5437	45.57843	40.1036	28.83695	22.16831	23.26416	27.91858	44.87983	29.03631	27.52196	46.43376	48.04269	39.51953	23.02309	15.15902	17.34419	19.85343	49.13057	32.4532	34.90425	46.04277	36.43353	33.59077	18.56436
12/14/2024 7:02:00 PM	28	24.83074	33.70267	35.71318	41.99696	36.69017	32.59914	48.40479	51.09656	43.73552	31.77289	24.14803	24.66136	30.23175	47.55989	30.32043	29.81946	47.50336	48.11491	42.00283	25.2209	15.83366	19.43093	22.18223	49.1394	34.57503	37.72959	47.57981	41.44547	36.68372	20.7007
12/14/2024 11:02:00 PM	32	28.69375	36.41597	39.84269	48.81931	42.56048	34.87251	51.732	54.18604	48.20247	33.92528	25.45557	28.30413	28.87391	54.77548	34.24706	32.18851	48.57269	53.28272	46.95375	25.77882	17.45385	21.09747	22.84012	55.27097	36.66858	38.24255	45.9198	47.45795	41.76179	20.75289
12/15/2024 3:02:00 AM	36	32.46852	40.13211	39.77434	55.17145	46.70693	38.51733	58.01073	59.73259	53.86762	37.77448	28.95336	31.09094	31.40796	60.23046	38.9018	35.37554	53.86217	60.68695	51.62031	28.46581	18.50335	22.14326	25.43665	60.00412	37.88315	45.99837	50.4562	51.89673	45.73434	24.37622
12/15/2024 7:02:00 AM	40	34.88076	45.34444	47.3403	60.61317	51.46286	42.34652	64.05943	67.03554	58.52917	41.64401	31.72418	34.24897	31.36271	67.53419	43.28555	38.95849	58.43919	64.38405	57.96103	31.00319	20.26741	24.78519	25.96575	63.79996	42.85409	44.05839	55.82358	58.79715	50.7832	24.9684
12/15/2024 11:02:00 AM	44	37.92031	50.09378	48.42602	66.45946	57.48977	47.56405	71.57938	74.6225	64.37208	46.60434	33.87413	37.80257	34.96144	73.39574	47.96233	44.46528	64.5222	70.54771	64.86862	34.4549	22.30868	27.01436	29.81336	68.70949	48.68834	53.28551	59.48183	62.55193	57.12543	27.07079
12/15/2024 3:02:00 PM	48	41.06498	55.66444	50.85432	69.9407	60.67238	53.44416	77.95574	79.77142	71.44614	50.77485	37.44434	40.05237	41.52531	80.04128	51.03897	48.11573	71.59774	78.98475	72.49721	37.93447	24.93451	29.64608	31.2893	75.4858	49.0411	55.49697	68.0211	67.94994	62.83551	29.69434
12/15/2024 7:02:00 PM	52	45.23898	60.39436	55.52337	75.25496	67.72152	58.77735	83.61961	85.41339	76.92626	56.31778	41.9492	44.72683	44.75686	84.78746	56.09568	53.70827	77.60881	83.72514	79.608	40.69374	27.77739	32.9617	34.30222	79.55482	55.56123	62.06538	70.74033	73.21997	67.11275	32.56802
12/15/2024 11:02:00 PM	56	49.82458	64.9911	61.45532	81.59692	73.83859	63.81017	89.1034	90.4959	82.13663	62.00709	46.09596	49.21931	49.30483	89.182	61.10322	58.10231	84.17944	86.68488	85.43687	45.98737	30.9822	36.85979	37.86306	84.25451	58.65337	65.3416	76.29948	76.63248	72.11025	35.27502
12/16/2024 3:02:00 AM	60	55.44093	68.99025	69.33949	85.58479	80.58109	70.14824	94.04789	93.78367	87.41159	67.6969	50.77297	54.50132	50.19917	92.00697	66.9997	64.50313	89.78109	91.4492	90.85917	50.39738	32.84777	39.16717	41.16135	89.58175	65.27438	69.91578	79.01813	82.61964	77.86295	39.64384
12/16/2024 7:02:00 AM	64	60.19002	74.63538	72.66885	90.08818	85.57178	75.78757	96.84224	96.92464	90.96606	73.54917	54.64577	60.12338	59.9989	95.11411	71.64076	69.4484	93.70332	94.55521	95.29195	55.31107	36.84783	43.30655	45.34816	92.93382	70.64685	72.52858	82.02222	87.5409	82.79477	43.56674
12/16/2024 11:02:00 AM	68	66.3296	78.95515	74.79059	93.12093	90.05822	81.28654	98.64621	98.75452	94.17836	79.58402	61.03058	65.96698	59.20218	97.06635	77.39378	75.3666	97.4636	97.03692	97.9343	60.67771	40.3034	47.39579	50.32738	95.42376	75.95653	81.25356	87.22667	91.89371	86.98515	48.74856
12/16/2024 3:02:00 PM	72	71.8128	83.30045	80.52418	95.85743	94.4382	86.0303	99.54647	99.7351	96.79229	84.51726	66.46912	72.21416	66.18184	98.60064	83.13275	80.00816	99.05212	98.75974	99.27273	65.93484	44.90801	51.30603	53.41694	97.7127	82.5356	85.85012	91.03573	95.27307	90.88084	52.77593
12/16/2024 7:02:00 PM	76	75.85533	87.48601	84.66398	97.85298	97.10651	89.64173	99.96629	99.97414	98.56374	89.40509	72.53255	76.80844	67.46571	99.56262	87.8951	85.65431	99.66669	99.69987	99.87562	71.60557	50.13115	55.972	59.50657	99.1937	84.80977	88.95865	93.61368	97.24673	94.15753	58.06683
12/16/2024 11:02:00 PM	80	80.91607	90.51715	89.83898	98.99049	99.02582	93.18649	99.9756	99.95911	99.68433	92.81307	76.32121	82.10489	73.16196	99.95328	91.73548	88.96441	99.93803	99.87212	99.96165	77.14379	54.71112	60.55816	64.24458	99.65156	89.15774	92.21082	96.03784	98.67912	96.41614	62.55036
12/17/2024 3:02:00 AM	84	85.04862	93.44495	92.71493	99.63466	99.9031	95.8384	99.99319	99.97545	99.98445	95.72687	81.61618	86.49276	76.03316	99.95131	94.8737	92.44969	99.90936	99.99277	99.94164	83.57194	59.4981	65.17163	69.37608	99.94632	92.36962	96.31104	97.35481	99.71743	98.31516	68.14412
12/17/2024 7:02:00 AM	88	88.32669	95.71684	95.77965	99.90835	99.95227	97.77075	99.97853	99.96845	99.97794	97.77097	86.21272	90.4067	80.71418	99.95101	97.5783	95.17	99.96999	99.98825	99.97823	88.03295	63.3937	70.12077	73.99931	99.95306	95.74654	97.71572	98.533	99.88242	99.50805	73.12838
12/17/2024 11:02:00 AM	92	91.69504	97.57529	97.50068	99.96317	99.99203	98.72366	99.98861	99.97947	99.98843	99.06335	89.66719	93.63877	85.365	99.99085	99.13443	97.28596	99.98408	99.99657	99.99136	91.55586	68.33235	74.84874	77.79914	99.96615	98.11626	99.18312	99.17405	99.98106	99.83991	78.47348
12/17/2024 3:02:00 PM	96	92.96735	98.00916	97.84198	99.98331	99.92918	99.04598	99.87371	99.64951	99.96798	99.66393	90.955	94.99187	83.08713	99.96727	99.60476	97.5454	99.9657	99.46324	99.98118	93.04675	69.32257	76.72861	78.9785	99.96437	98.24532	99.54916	99.30553	99.52885	99.91267	78.55002
12/17/2024 7:02:00 PM	100	94.05516	98.91878	97.59989	99.92092	99.7849	99.22783	99.75497	99.8675	99.89444	99.62804	90.90067	95.20341	84.44623	99.94025	99.42548	97.83915	99.94759	99.66832	99.92557	93.92625	68.6269	77.44145	79.86914	99.93134	98.56052	98.85345	99.26279	99.84831	99.93494	79.26698
12/17/2024 11:02:00 PM	104	96.27485	99.40495	98.84632	99.99078	99.9258	99.74041	99.86899	99.95559	99.93562	99.65036	93.98039	96.98502	86.87306	99.97897	99.75302	98.98465	99.96198	99.86007	99.9622	95.71524	72.52224	81.27515	83.06163	99.9688	99.07838	99.3886	99.71605	99.90043	99.9744	83.51894
12/18/2024 3:02:00 AM	108	98.11701	99.82384	99.57716	99.97474	99.99062	99.84129	99.96199	99.99047	99.94989	99.74094	97.04913	99.04796	91.19367	99.95923	99.97823	99.64062	99.97028	99.99854	99.98151	97.86325	77.76079	85.46645	86.81136	99.99074	99.78583	99.54254	99.92167	99.93349	99.97407	87.84272
12/18/2024 7:02:00 AM	112	99.29244	99.95796	99.96176	99.98073	99.98757	99.99654	99.9782	99.9987	99.93892	99.96321	99.23766	99.81276	93.61674	99.98129	99.98846	99.96471	99.98542	99.99877	99.98717	99.43988	82.1703	89.61068	90.56409	99.98173	99.94016	99.86315	99.94577	99.98724	99.993	91.0863
12/18/2024 11:02:00 AM	116	99.92181	99.98026	99.97865	99.99811	100	100	99.9949	99.99811	99.97113	99.97682	99.84036	99.93647	96.23313	99.99502	99.9945	99.98039	99.99271	100	99.99267	99.91207	86.71243	93.44585	93.24627	100	99.95001	99.96812	99.9869	99.98753	99.99193	94.49004
12/18/2024 3:02:00 PM	120	99.99212	99.98853	99.98649	99.99777	99.99818	100	99.98315	100	99.992	99.98872	99.95496	99.97942	97.76374	99.99137	100	99.9984	100	99.99769	100	99.93915	89.91186	95.87128	95.79243	100	99.97255	99.9888	99.98278	99.99918	99.99657	97.02037
12/18/2024 7:02:00 PM	124	99.98273	99.98453	99.99877	99.993	100	100	100	100	100	100	99.99211	99.99828	99.14541	100	99.98631	99.99519	99.99475	100	100	99.9715	93.36167	98.28941	97.76945	100	99.99342	99.99669	99.99677	99.98808	99.99944	98.75892
12/18/2024 11:02:00 PM	128	99.9782	99.99494	100	100	99.99725	100	100	99.99453	100	99.99606	99.9975	99.99791	99.75674	100	99.99669	99.99821	99.99854	100	99.99873	99.99744	95.99877	99.60302	99.14804	100	99.99884	99.99997	99.99788	99.99836	100	99.65104
12/19/2024 3:02:00 AM	132	99.99434	99.98872	100	100	100	100	100	100	100	99.99535	99.99806	99.99717	99.99141	100	100	100	100	100	100	99.99921	98.08806	99.93919	99.88696	100	100	99.99535	99.99833	100	100	99.9544
12/19/2024 7:02:00 AM	136	100	100	100	100	100	100	100	99.99717	99.98687	100	100	100	99.99241	100	100	100	100	100	100	100	99.48094	99.96697	99.98958	100	100	100	100	100	100	99.97423
12/19/2024 11:02:00 AM	140	100	100	100	100	100	100	100	100	99.9882	100	99.99564	100	99.99777	100	100	100	100	100	100	100	99.95013	99.99423	99.99825	99.99699	100	100	100	100	100	99.98528
