Date Time	Elapsed	1806_F6 (7) 5K / well (B2)	1806_F6 (7) 5K / well (B3)	1806_F6 (7) 5K / well (B4)	1806_F6 (7) 5K / well (B5)	1806_F6 (7) 5K / well (B6)	1806_F6 (7) 5K / well (B7)	1806_F6 (7) 5K / well (B8)	1806_F6 (7) 5K / well (B9)	1806_F6 (7) 5K / well (B10)	1806_F6 (7) 5K / well (B11)	1806_F6 (7) 5K / well (C2)	1806_F6 (7) 5K / well (C3)	1806_F6 (7) 5K / well (C4)	1806_F6 (7) 5K / well (C5)	1806_F6 (7) 5K / well (C6)	1806_F6 (7) 5K / well (C7)	1806_F6 (7) 5K / well (C8)	1806_F6 (7) 5K / well (C9)	1806_F6 (7) 5K / well (C10)	1806_F6 (7) 5K / well (C11)	1806_F6 (7) 5K / well (D2)	1806_F6 (7) 5K / well (D3)	1806_F6 (7) 5K / well (D4)	1806_F6 (7) 5K / well (D5)	1806_F6 (7) 5K / well (D6)	1806_F6 (7) 5K / well (D7)	1806_F6 (7) 5K / well (D8)	1806_F6 (7) 5K / well (D9)	1806_F6 (7) 5K / well (D10)	1806_F6 (7) 5K / well (D11)
8/23/2024 2:41:00 PM	0	22.50397	21.72301	31.49014	23.87379	19.19542	18.67521	23.8678	21.28494	18.09602	22.2737	24.98659	33.73431	26.98302	35.06671	23.30094	22.92886	19.91317	24.36026	16.94351	19.9733	28.98869	27.81466	20.86057	24.13529	22.9689	22.21218	20.17269	19.68744	24.41075	20.48396
8/23/2024 6:41:00 PM	4	25.31805	25.65469	34.73046	24.90555	23.6413	23.20855	26.19202	26.09398	20.01091	24.68903	30.15042	35.09431	33.21596	36.16912	28.44617	27.44767	23.54095	28.37386	19.91719	24.10699	33.25518	33.06349	24.92239	28.8482	28.03298	25.81264	24.50688	22.7028	27.46145	23.74374
8/23/2024 10:41:00 PM	8	26.37694	27.02096	34.63725	26.56428	24.78853	24.95737	29.12655	28.59155	21.7074	26.1533	30.46305	33.99016	34.56855	39.76974	29.50912	30.14826	25.30007	27.8128	21.5421	24.57767	35.36523	33.4195	25.12605	30.44519	29.73241	27.10979	25.76628	25.14441	29.28334	24.82375
8/24/2024 2:41:00 AM	12	28.02192	29.29925	38.03627	28.57279	26.12493	25.75267	32.58101	28.02557	21.28264	27.19283	33.88635	39.80201	36.06052	36.79802	31.3963	32.01426	27.32739	31.73739	22.94961	26.07867	37.60488	34.95538	28.07393	32.49157	31.75536	28.69299	27.50307	26.51793	30.37285	26.42663
8/24/2024 6:41:00 AM	16	30.85501	31.63835	39.65066	29.25205	29.24133	26.66648	32.50259	31.12391	22.71108	29.15316	35.56739	39.74695	36.8803	41.9299	34.00159	33.32932	29.83864	31.11152	24.53767	27.82302	40.44367	36.47928	30.97555	34.08765	35.60109	32.57349	30.27755	28.86	32.58556	28.57674
8/24/2024 10:41:00 AM	20	33.48857	33.87304	43.45559	32.49686	31.10497	29.41605	34.02228	33.1403	25.92689	31.88028	39.74723	42.61261	39.87645	42.62912	36.05684	35.50974	33.11401	34.02372	26.86273	30.88145	44.8519	39.87526	33.62329	36.94182	38.89843	35.94508	33.18348	31.02059	36.03058	29.76442
8/24/2024 2:41:00 PM	24	36.69596	37.8334	44.19671	33.88203	34.27037	31.55648	36.88784	35.41524	27.45302	33.88446	40.53893	47.82183	43.54333	47.77555	39.73719	38.28583	35.31539	38.10464	29.01765	33.55349	47.40525	42.91362	34.57608	40.299	42.25003	39.72524	36.52878	33.59467	38.76397	30.74829
8/24/2024 6:41:00 PM	28	39.88364	42.01363	49.59102	36.70529	35.94077	34.63118	38.56889	37.8138	28.22688	37.38832	44.93935	50.28288	46.42865	51.45258	43.62074	42.18783	38.35584	39.42012	31.66043	35.53415	50.39494	47.40377	38.86142	43.87054	46.59515	42.55223	39.29002	37.15129	41.08838	32.72547
8/24/2024 10:41:00 PM	32	45.1562	46.97593	52.28804	40.15975	39.9346	39.30791	41.30679	41.35455	32.21569	40.68911	50.08693	55.34478	50.01479	52.88948	48.08393	46.77845	43.66075	44.20819	35.05805	38.55331	56.65774	50.60154	41.8551	48.44109	52.68515	46.1371	43.84959	41.03929	45.16388	36.95246
8/25/2024 2:41:00 AM	36	50.44529	52.98822	57.89384	45.34657	45.32143	43.55716	43.78077	46.8056	34.55825	45.2383	56.52998	60.22132	56.09287	58.29655	53.77431	51.63346	47.74617	49.94039	39.32671	43.06163	63.39286	55.19302	47.01429	54.40547	59.60863	51.7369	48.61393	47.84867	50.57037	40.73791
8/25/2024 6:41:00 AM	40	56.60319	59.66018	62.50401	48.61919	50.66222	47.7344	49.976	51.79782	39.98763	50.38588	63.25441	66.07178	60.87732	64.00755	59.40325	58.72217	53.49844	53.97753	44.64267	48.40075	70.64548	62.70078	51.50503	60.17371	66.02776	58.42599	53.34655	52.92173	55.93979	44.28473
8/25/2024 10:41:00 AM	44	62.86439	66.57112	68.25943	54.20833	55.28732	53.45805	56.97741	55.66707	44.00273	57.42897	69.57214	72.1531	69.0836	72.82603	65.92648	63.92878	59.02398	61.71121	50.52868	53.87604	77.71789	67.08355	56.69298	66.74081	73.81978	64.27387	60.29741	60.25733	59.95413	49.23765
8/25/2024 2:41:00 PM	48	70.25864	74.38551	77.09526	61.48537	61.63631	59.75171	61.33418	58.59017	48.80763	63.45135	76.25877	78.32706	75.62988	76.00646	72.37716	70.6937	66.70989	68.55195	54.93451	59.42007	85.35062	72.77753	62.1717	73.24229	81.4542	70.58925	67.44469	67.58234	65.34781	55.90299
8/25/2024 6:41:00 PM	52	76.73191	80.6247	82.52967	68.56782	69.00924	67.0968	67.92774	65.22677	55.95461	71.57604	84.14513	84.97771	81.98896	83.97115	80.03483	78.45763	73.63181	74.88776	63.09536	67.18171	91.18092	79.84534	69.07079	80.3698	87.47127	77.89431	74.90343	74.91695	73.69029	62.63131
8/25/2024 10:41:00 PM	56	85.56332	87.45603	88.53842	75.22857	75.84598	75.24016	74.0051	70.80241	62.15285	77.89323	89.76694	91.80764	88.87649	85.5848	86.44314	85.70365	80.92162	81.6267	72.27728	74.58428	95.75198	86.76868	75.63837	87.28646	93.09991	84.93703	81.74937	82.4333	79.07496	69.13502
8/26/2024 2:41:00 AM	60	90.44537	92.70571	93.09352	81.21431	82.22701	81.08813	79.3384	76.8254	68.37663	83.65909	94.72468	95.09096	93.61951	91.92846	91.5799	91.09472	87.0887	88.25562	79.11578	81.26923	98.62925	91.65225	80.91328	92.53455	96.55453	89.74016	87.76131	88.1585	85.95203	75.42958
8/26/2024 6:41:00 AM	64	94.75272	96.3741	96.37898	85.90148	86.93736	87.15499	86.226	82.02086	74.64107	88.63347	97.8943	98.00574	96.8029	95.55827	96.08195	95.27934	91.98198	92.5797	85.47698	88.01971	99.71613	95.41471	85.71519	96.49961	98.62427	93.94801	92.77517	92.88239	90.92336	81.49876
8/26/2024 10:41:00 AM	68	97.66559	98.52908	98.2467	90.62521	91.75494	91.97205	88.96677	86.51768	80.96812	92.21604	99.38255	99.53473	98.89873	97.59006	98.54842	98.13203	95.93565	95.41409	90.79799	92.28259	99.97392	98.2612	90.45255	98.75154	99.61595	96.7233	96.2647	96.38609	95.23598	87.60554
8/26/2024 2:41:00 PM	72	99.30781	99.71363	99.16553	94.67401	95.17446	95.86881	92.99142	90.5777	85.51142	95.33126	99.90827	99.97612	99.74532	99.29501	99.67138	99.55566	98.59276	97.72726	95.34652	96.25915	99.99989	99.43139	94.62831	99.76188	99.95086	99.09803	98.99015	98.72908	98.18633	91.34323
8/26/2024 6:41:00 PM	76	99.9329	99.99736	99.90533	98.28327	97.71507	98.25279	96.23025	93.65895	90.47769	97.18986	99.98303	99.9688	99.97794	99.91438	99.99732	99.97527	99.64355	99.34277	97.98406	98.79607	99.99921	99.88079	97.29224	99.94298	99.95811	99.84608	99.87439	99.63522	99.7178	94.81635
8/26/2024 10:41:00 PM	80	99.94986	99.99107	99.99088	99.84776	99.06413	99.43768	98.21104	96.16977	94.59665	98.52708	99.9894	99.98505	99.97942	99.98415	99.98995	99.96173	99.95782	99.9644	99.4295	99.69712	100	99.99297	98.87894	99.9775	99.97433	99.98958	99.96767	99.96686	99.99467	97.03693
8/27/2024 2:41:00 AM	84	99.98344	99.99267	99.98769	99.95663	99.59166	99.97925	99.15668	98.47408	97.48702	99.42035	99.99178	99.98397	99.99772	99.93099	99.99259	99.99553	99.99513	100	99.75027	99.96477	99.99811	99.99342	99.59869	99.99364	99.97199	99.99657	99.96786	99.99136	99.95871	98.68842
8/27/2024 6:41:00 AM	88	99.99025	100	100	99.9679	99.96407	99.98764	99.64564	99.77583	98.9855	99.96611	99.98792	99.99289	100	99.94774	99.99188	99.99598	99.96634	99.99833	99.98047	99.99074	99.99974	99.98731	99.99208	99.98895	99.99564	99.99847	99.96471	99.99293	99.98273	99.7599
8/27/2024 10:41:00 AM	92	99.9984	99.99963	100	99.98334	99.98556	99.96552	99.96443	99.96786	99.77166	99.98872	99.98911	99.99214	100	99.97798	99.99456	100	99.99364	99.99828	99.99423	99.97631	99.99862	99.99854	99.98531	100	99.99602	100	99.96325	99.99007	99.9669	100
8/27/2024 2:41:00 PM	96	99.98846	99.99478	99.82682	99.6256	99.72974	99.75184	99.87801	99.7252	99.9837	99.99583	99.99352	99.85598	100	99.94179	99.98676	100	99.76266	100	99.97939	99.98589	99.96128	99.78516	99.8703	99.74863	99.99129	99.96912	99.84069	100	99.9959	99.99683
8/27/2024 6:41:00 PM	100	99.99836	100	99.93211	99.81176	99.85367	99.9589	99.97448	99.83489	99.97511	100	99.99802	99.93576	100	99.98512	100	99.99677	99.83083	99.99799	99.99434	99.98122	99.98814	100	99.93576	99.91898	99.99166	99.99833	99.99777	100	99.98683	99.98177
8/27/2024 10:41:00 PM	104	100	99.99888	100	99.98463	99.98434	99.98668	99.99728	99.98694	99.98367	100	99.99997	99.99378	100	99.99854	100	100	100	99.99378	100	99.97739	100	100	100	100	100	100	99.96716	100	100	99.99732
8/28/2024 2:41:00 AM	108	100	99.99621	100	99.99635	99.99308	99.99621	100	99.99319	99.99382	100	100	99.99818	100	99.9686	100	99.99921	99.99635	99.99654	99.99687	99.99312	99.99888	100	100	100	99.99547	99.99665	99.98784	100	100	99.99992
8/28/2024 6:41:00 AM	112	100	99.99873	100	100	100	100	100	100	100	99.99836	100	99.99772	100	99.98701	99.9971	100	99.99525	99.99129	100	99.97645	100	100	100	100	100	99.99836	99.98683	100	100	100
8/28/2024 10:41:00 AM	116	100	100	100	100	100	100	100	100	99.99014	100	100	100	100	100	99.9875	100	99.9987	100	99.99621	99.98039	99.99657	100	100	100	99.98479	99.99772	99.99714	100	100	100
8/28/2024 2:41:00 PM	120	100	99.99699	100	99.99181	100	100	100	100	100	99.9958	100	100	100	100	100	100	100	100	100	99.98367	100	100	100	100	99.98386	100	99.99951	100	100	100
8/28/2024 6:41:00 PM	124	100	99.99472	100	99.99074	100	100	100	100	100	100	100	100	100	100	100	100	100	100	100	99.98849	100	100	100	100	99.98784	100	100	100	100	100
8/28/2024 10:41:00 PM	128	100	100	100	99.99873	100	100	100	100	100	100	100	100	100	100	100	100	99.99761	100	100	99.96987	100	100	100	100	100	100	100	100	100	100
8/29/2024 2:41:00 AM	132	100	100	100	99.98984	100	100	100	100	100	100	100	99.99766	100	100	100	100	100	100	100	99.9901	100	100	100	100	99.99744	100	100	100	100	100
8/29/2024 6:41:00 AM	136	100	99.99828	100	100	100	100	100	100	100	100	100	100	100	100	100	100	100	100	100	99.99014	100	100	100	100	99.99387	100	100	100	100	100
8/29/2024 10:41:00 AM	140	100	99.99651	100	100	100	100	100	100	100	100	100	100	100	100	100	100	100	100	99.9933	99.99181	100	100	100	100	99.98984	100	100	100	100	100
8/29/2024 2:41:00 PM	144	100	100	100	100	100	100	100	100	100	100	100	100	100	100	100	100	100	100	99.99702	100	100	100	100	100	100	100	100	100	100	100
8/29/2024 6:41:00 PM	148	100	100	100	100	100	100	100	100	100	99.99851	100	100	100	100	100	100	100	100	99.99568	99.98858	100	100	100	100	99.9968	100	100	100	100	100
8/29/2024 10:41:00 PM	152	99.99836	100	99.99736	100	100	100	100	100	100	100	100	99.99695	100	100	100	100	100	100	100	99.99833	100	100	100	100	100	100	100	100	100	100
8/30/2024 2:41:00 AM	156	99.99997	100	100	100	99.99921	100	100	100	100	100	100	99.99862	100	100	100	100	100	100	100	99.9984	100	100	100	100	100	100	100	100	100	100
8/30/2024 6:41:00 AM	160	100	100	100	100	100	100	100	100	100	100	100	100	100	100	100	100	100	100	100	99.99706	100	100	100	100	100	100	100	100	100	100
8/30/2024 10:41:00 AM	164	100	100	100	100	100	100	100	100	100	100	100	99.99665	100	100	100	100	100	100	100	100	100	100	100	100	100	100	100	100	100	100
8/30/2024 2:41:00 PM	168	100	100	100	100	100	100	100	100	100	100	100	100	100	100	100	100	100	100	100	100	100	100	100	100	100	100	100	100	100	100
