Date Time	Elapsed	1806_MC_P (20) 5K / well (E2)	1806_MC_P (20) 5K / well (E3)	1806_MC_P (20) 5K / well (E4)	1806_MC_P (20) 5K / well (E5)	1806_MC_P (20) 5K / well (E6)	1806_MC_P (20) 5K / well (E7)	1806_MC_P (20) 5K / well (E8)	1806_MC_P (20) 5K / well (E9)	1806_MC_P (20) 5K / well (E11)	1806_MC_P (20) 5K / well (F3)	1806_MC_P (20) 5K / well (F4)	1806_MC_P (20) 5K / well (F5)	1806_MC_P (20) 5K / well (F6)	1806_MC_P (20) 5K / well (F7)	1806_MC_P (20) 5K / well (F8)	1806_MC_P (20) 5K / well (F9)	1806_MC_P (20) 5K / well (F11)	1806_MC_P (20) 5K / well (G2)	1806_MC_P (20) 5K / well (G3)	1806_MC_P (20) 5K / well (G4)	1806_MC_P (20) 5K / well (G5)	1806_MC_P (20) 5K / well (G6)	1806_MC_P (20) 5K / well (G7)	1806_MC_P (20) 5K / well (G8)	1806_MC_P (20) 5K / well (G9)	1806_MC_P (20) 5K / well (G10)
8/9/2024 2:25:00 PM	0	12.04003	14.91391	8.882267	3.781862	8.603437	76.02717	50.21187	77.83311	33.40084	15.84267	66.11626	83.77338	34.08793	85.142	80.8401	86.50734	4.990386	30.16014	9.907678	52.02281	15.2401	76.49047	85.02846	66.86805	78.27815	10.15518
8/9/2024 6:25:00 PM	4	18.03472	19.69658	19.47121	13.18042	24.12881	19.54649	23.40518	17.19385	19.68966	24.0066	23.21693	12.6402	15.90748	18.89361	18.43482	22.10378	24.0523	16.05857	29.98368	18.98809	31.48393	20.81007	24.08952	22.99034	23.5098	32.68782
8/9/2024 10:25:00 PM	8	18.94589	22.10797	21.45225	14.65711	25.60774	21.93682	25.37992	18.77455	21.4955	26.37272	27.26346	14.29864	17.1903	20.95809	19.21488	22.62223	28.69524	16.74406	28.74019	21.97671	30.4873	22.29422	27.05087	24.53807	26.21416	32.05935
8/10/2024 2:25:00 AM	12	20.00421	22.34657	22.56719	15.5644	26.91306	22.62946	27.54998	20.95661	21.38977	28.21096	25.942	15.08996	19.34519	22.39601	20.83456	22.76377	30.12592	15.89166	29.16326	21.59719	28.24391	23.03219	27.22486	26.55512	28.54567	33.57594
8/10/2024 6:25:00 AM	16	21.70077	24.17687	22.95096	17.26862	28.87658	24.61375	29.0759	21.78983	23.79052	30.45915	29.24773	16.03434	20.63015	23.63787	22.26215	25.29253	30.15429	16.98882	32.47019	23.98157	29.23431	25.52249	28.96537	30.64122	28.19266	34.68105
8/10/2024 10:25:00 AM	20	23.38288	25.47326	24.90378	18.69286	31.24668	26.72929	31.20665	24.29983	25.75165	32.67677	28.17892	17.1189	22.39469	25.38713	24.44617	27.75502	34.06119	17.0854	33.58509	26.93837	30.98079	27.04902	30.99696	31.1364	31.47989	36.96871
8/10/2024 2:25:00 PM	24	21.76419	29.60751	27.95058	20.12756	31.93539	30.3004	33.50968	25.90342	28.116	32.5094	31.48653	20.04405	24.78663	27.5419	26.9821	31.12172	31.67698	18.04937	34.78857	30.67873	27.08285	28.90254	33.73632	32.60493	34.37026	38.91063
8/10/2024 6:25:00 PM	28	24.54575	31.95055	31.58375	21.25458	35.69749	34.06744	37.68459	34.05964	29.58535	35.20111	35.42693	21.28228	28.54134	30.08816	29.55263	32.13849	36.84715	19.79241	37.45206	29.71998	34.75765	31.41887	36.8199	35.91227	35.83048	41.79057
8/10/2024 10:25:00 PM	32	25.64482	34.99743	33.69633	23.67624	37.35924	37.33222	40.05975	35.25383	31.90475	37.71478	38.99581	23.95268	29.10069	32.12244	32.0991	36.92739	38.84101	21.4842	40.75848	32.26232	35.94743	33.79295	39.92202	40.92043	39.56542	44.22798
8/11/2024 2:25:00 AM	36	28.85283	37.53228	37.58481	26.15349	40.90374	40.22344	43.96045	39.00464	36.01627	42.57076	39.03264	26.07603	31.90314	35.48645	34.74911	39.23606	43.4288	22.67327	44.161	34.31562	38.42654	37.67889	44.13781	42.88484	44.35035	48.85147
8/11/2024 6:25:00 AM	40	31.76948	41.23625	41.41772	28.67664	43.93989	43.90875	47.17007	42.77866	39.29633	46.25137	42.20305	29.1281	34.23718	37.87937	37.9702	41.27754	44.20554	25.53395	47.75494	37.85345	41.56106	42.11913	48.4869	47.81681	48.03453	54.80276
8/11/2024 10:25:00 AM	44	34.59685	44.48531	44.02765	32.18222	47.36136	47.67058	51.78949	47.41744	43.06925	50.73672	43.83501	32.40867	37.34769	42.85767	40.42485	47.56815	49.08498	27.88798	54.47735	42.69913	45.26681	46.47276	54.67036	53.03575	53.53082	59.05804
8/11/2024 2:25:00 PM	48	37.03571	48.33633	47.91093	34.86125	50.25491	52.49743	56.30025	50.73966	47.82088	55.6992	47.90008	35.03511	41.01317	46.76505	44.6512	50.71307	53.45767	31.02603	59.90343	48.19452	47.88993	53.45584	61.09159	59.10376	58.09706	64.64558
8/11/2024 6:25:00 PM	52	41.77172	51.23629	51.61192	38.42064	54.10015	56.31741	60.59483	54.37172	52.35141	60.47974	52.66424	38.2587	45.17003	49.94154	49.06267	52.45922	56.81522	35.44071	66.29449	53.11766	51.22204	58.01649	66.75282	65.31087	64.8908	71.52463
8/11/2024 10:25:00 PM	56	46.44027	55.44981	55.88391	41.73005	58.44317	60.99325	65.30187	59.09901	56.92028	65.7705	55.56805	41.18306	48.81588	55.60986	53.41971	58.09069	61.13964	39.09016	72.00314	59.37033	56.25982	65.74062	73.19376	70.07533	70.35498	77.5334
8/12/2024 2:25:00 AM	60	50.38128	60.19654	61.00658	46.02916	62.50294	66.1584	69.82268	64.09074	62.06644	70.70471	60.51566	45.34818	53.22178	60.46753	58.22508	62.78793	66.6479	43.8227	79.28084	67.28304	61.61498	71.4811	79.17233	78.31644	77.25022	83.71358
8/12/2024 6:25:00 AM	64	54.92397	64.68368	65.8915	50.04561	67.55914	70.66306	75.47976	69.03792	67.7123	76.22417	64.78315	48.83547	58.82371	65.66174	62.83499	67.20049	71.27071	47.85406	85.57465	74.94477	67.99036	77.92384	84.65102	84.36148	82.74399	89.12526
8/12/2024 10:25:00 AM	68	60.76335	69.25698	70.77048	54.51248	71.3245	75.91915	79.92212	73.39886	73.04345	80.92001	69.52515	52.65545	63.39558	70.02573	68.40794	71.90943	75.00025	53.33625	90.74222	82.61205	72.96992	84.77844	89.79791	90.42598	88.01263	93.76115
8/12/2024 2:25:00 PM	72	65.35547	74.13768	75.23026	59.86366	75.76456	80.46644	84.66557	77.63744	78.28442	85.33987	73.18454	56.21633	69.83356	74.91686	73.03935	77.16752	80.41403	59.30338	95.18847	87.47066	79.53981	90.47546	94.64726	93.856	92.84364	96.64262
8/12/2024 6:25:00 PM	76	70.68231	79.08915	79.30199	64.5662	80.51099	84.9772	88.25174	81.76492	82.93968	89.52829	77.02042	59.84665	76.18224	79.64915	78.91116	81.46532	86.01778	63.2831	97.94839	92.19508	85.81973	94.40388	97.65396	97.34595	96.46509	98.37789
8/12/2024 10:25:00 PM	80	77.27306	83.0667	83.83429	70.20542	84.79589	89.09048	92.20724	86.48179	86.72501	92.83097	78.32391	64.71737	80.70263	84.05859	83.78049	86.02979	88.62363	67.68578	99.21038	96.37687	89.12579	97.55219	99.34276	99.18307	98.47418	99.16396
8/13/2024 2:25:00 AM	84	81.22369	86.7357	87.24043	75.55564	88.05098	91.64291	95.41429	89.61097	90.55833	95.72066	81.85817	69.24104	84.47684	87.60928	88.45882	89.57514	92.05904	72.51266	99.72368	98.47161	94.05424	99.19982	99.94807	99.92122	99.42854	99.71653
8/13/2024 6:25:00 AM	88	86.58775	89.9045	90.35062	80.61454	91.72021	94.31445	97.58875	92.56831	93.33412	98.11607	86.67014	74.34086	87.97434	90.91989	92.24293	92.50578	95.09271	77.53014	99.9278	99.62504	96.33735	99.89797	99.98267	99.99145	99.79728	99.99375
8/13/2024 10:25:00 AM	92	89.94673	92.58058	93.29401	85.38626	94.86455	96.43351	99.08523	95.39978	95.48367	99.31951	89.54375	78.87576	91.86928	93.80861	95.47091	95.31931	96.76284	81.51852	99.97947	99.98211	98.32053	99.9657	99.99766	99.99557	99.99651	100
8/13/2024 2:25:00 PM	96	92.34785	94.67329	94.95039	87.95454	96.75249	97.79813	99.72724	96.87056	96.92672	99.8456	90.78035	82.66203	93.28403	95.52824	97.04741	97.30566	97.85135	84.49583	99.99769	99.9975	98.85524	99.97579	99.99873	99.99464	100	100
8/13/2024 6:25:00 PM	100	93.95203	96.01387	95.78137	89.45005	97.92373	98.47761	99.95875	97.62989	97.7273	99.99547	91.6246	84.889	94.70225	96.59632	97.29105	98.14295	98.91212	85.28494	99.97538	99.99918	99.36098	99.97783	99.97779	100	100	100
8/13/2024 10:25:00 PM	104	96.45579	97.48484	97.16287	92.28883	99.17999	99.40878	99.98638	98.93722	98.9945	100	93.83884	88.37013	96.38	98.25404	98.88079	99.31223	99.74599	88.06075	99.9866	99.99858	99.84593	99.98814	99.99643	100	100	100
8/14/2024 2:25:00 AM	108	98.42608	98.6516	98.84	95.38774	99.92947	99.94063	99.99821	99.83753	99.93349	100	96.15035	92.35371	97.97611	99.4092	99.84181	99.90363	99.9971	90.83164	99.99423	99.99405	99.99263	100	99.99505	100	99.99802	100
8/14/2024 6:25:00 AM	112	99.3627	99.61187	99.69645	97.74426	100	99.99587	99.99233	99.99129	100	100	98.75848	95.60713	98.9948	100	99.99494	99.98977	100	93.67271	100	100	99.99193	100	100	100	99.99525	100
8/14/2024 10:25:00 AM	116	99.84798	100	99.98911	99.01511	100	99.99371	100	99.98668	100	100	99.52561	98.10152	99.59982	100	100	100	100	95.79119	100	100	99.9958	99.98898	100	100	100	100
8/14/2024 2:25:00 PM	120	100	100	99.99851	99.71575	100	99.99025	100	99.9971	100	100	99.87316	99.71271	99.86115	100	100	100	100	97.02728	100	100	100	100	100	100	100	100
8/14/2024 6:25:00 PM	124	99.99732	100	99.99442	99.96775	99.99621	100	100	100	100	100	100	99.94599	100	100	100	100	100	98.763	100	100	100	100	100	100	100	100
8/14/2024 10:25:00 PM	128	100	100	100	100	99.99907	100	100	100	100	100	100	99.97259	100	100	100	100	100	99.68686	100	100	100	100	100	100	100	100
8/15/2024 2:25:00 AM	132	100	100	100	100	99.99873	99.99862	100	100	100	100	100	99.98657	100	100	100	100	100	99.98229	100	100	100	100	100	100	100	100
8/15/2024 6:25:00 AM	136	100	100	100	100	100	99.99561	100	100	100	100	100	99.99505	100	100	100	100	100	100	100	100	100	100	100	100	100	100
8/15/2024 10:25:00 AM	140	100	100	100	100	100	100	100	100	100	100	100	100	100	100	100	100	100	100	100	100	100	100	100	100	100	100
8/15/2024 2:25:00 PM	144	99.99699	100	100	100	100	100	100	100	100	100	100	100	100	100	100	100	100	100	100	100	100	100	100	100	100	100
8/15/2024 6:25:00 PM	148	100	100	100	100	100	100	100	100	100	100	100	100	100	100	100	100	100	100	100	100	100	100	100	100	100	100
8/15/2024 10:25:00 PM	152	99.9978	100	100	100	100	100	100	100	100	100	100	100	100	100	100	100	100	100	100	100	100	99.99472	100	100	100	100
8/16/2024 2:25:00 AM	156	99.98795	100	100	100	100	100	100	100	100	100	100	100	100	100	100	100	100	100	100	100	100	99.98668	100	100	100	100
8/16/2024 6:25:00 AM	160	99.99044	100	100	100	100	100	100	100	100	100	100	100	100	100	100	100	100	100	100	100	100	99.99409	100	100	100	100
8/16/2024 10:25:00 AM	164	99.99085	100	100	100	100	100	100	100	100	100	100	100	100	100	100	100	100	100	100	100	100	99.99888	100	100	100	100
